0.002 2 1 0 0 0.0000 0.0000 0.00 0.00 -0.0000 -0.0000 0.0000 0.0000 0.000000 2.942759 
0.005 2 1 0 0 0.0000 0.0000 0.00 0.00 -0.0000 -0.0000 0.0000 0.0000 0.000000 2.942754 
0.008 2 1 0 0 0.0000 0.0000 0.00 0.00 -0.0000 -0.0000 0.0000 0.0000 0.000000 2.942754 
0.011 2 1 0 0 0.0000 0.0000 0.00 0.00 -0.0000 -0.0000 0.0000 0.0000 0.000000 2.942761 
0.014 2 1 0 0 0.0000 0.0000 0.00 0.00 -0.0000 -0.0000 0.0000 0.0000 0.000000 2.942750 
0.017 2 1 0 0 0.0000 0.0000 0.00 0.00 -0.0000 -0.0000 0.0000 0.0000 0.000000 2.942736 
0.020 2 1 0 0 0.0000 0.0000 0.00 0.00 -0.0000 -0.0000 0.0000 0.0000 0.000000 2.942748 
0.023 2 1 0 0 0.0000 0.0000 0.00 0.00 -0.0000 -0.0000 0.0000 0.0000 0.000000 2.942755 
0.026 2 1 0 0 0.0000 0.0000 0.00 0.00 -0.0000 -0.0000 0.0000 0.0000 0.000000 2.942756 
0.029 2 1 0 0 0.0000 0.0000 0.00 0.00 -0.0000 -0.0000 0.0000 0.0000 0.000000 2.942755 
0.032 2 1 0 0 0.0000 0.0000 0.00 0.00 -0.0000 -0.0000 0.0000 0.0000 0.000000 2.942759 
0.035 2 1 0 0 0.0000 0.0000 0.00 0.00 -0.0000 -0.0000 0.0000 0.0000 0.000000 2.942752 
0.038 2 1 0 0 0.0000 0.0000 0.00 0.00 -0.0000 -0.0000 0.0000 0.0000 0.000000 2.942759 
0.041 2 1 0 0 0.0000 0.0000 0.00 0.00 -0.0000 -0.0000 0.0000 0.0000 0.000000 2.942757 
0.044 2 1 0 0 0.0000 0.0000 0.00 0.00 -0.0000 -0.0000 0.0000 0.0000 0.000000 2.942763 
0.047 2 1 0 0 0.0000 0.0000 0.00 0.00 -0.0000 -0.0000 0.0000 0.0000 0.000000 2.942751 
0.050 2 1 0 0 0.0000 0.0000 0.00 0.00 -0.0000 -0.0000 0.0000 0.0000 0.000000 2.942745 
0.053 2 1 0 0 0.0000 0.0000 0.00 0.00 -0.0000 -0.0000 0.0000 0.0000 0.000000 2.942732 
0.056 2 1 0 0 0.0000 0.0000 0.00 0.00 -0.0000 -0.0000 0.0000 0.0000 0.000000 2.942734 
0.059 2 1 0 0 0.0000 0.0000 0.00 0.00 -0.0000 -0.0000 0.0000 0.0000 0.000000 2.942720 
0.062 2 1 0 0 0.0000 0.0000 0.00 0.00 -0.0000 -0.0000 0.0000 0.0000 0.000000 2.942723 
0.065 2 1 0 0 0.0000 0.0000 0.00 0.00 -0.0000 -0.0000 0.0000 0.0000 0.000000 2.942727 
0.068 2 1 0 0 0.0000 0.0000 0.00 0.00 -0.0000 -0.0000 0.0000 0.0000 0.000000 2.942726 
0.071 2 1 0 0 0.0000 0.0000 0.00 0.00 -0.0000 -0.0000 0.0000 0.0000 0.000000 2.942717 
0.074 2 1 0 0 0.0000 0.0000 0.00 0.00 -0.0000 -0.0000 0.0000 0.0000 0.000000 2.942714 
0.077 2 1 0 0 0.0000 0.0000 0.00 0.00 -0.0000 -0.0000 0.0000 0.0000 0.000000 2.942709 
0.080 2 1 0 0 0.0000 0.0000 0.00 0.00 -0.0000 -0.0000 0.0000 0.0000 0.000000 2.942702 
0.083 2 1 0 0 0.0000 0.0000 0.00 0.00 -0.0000 -0.0000 0.0000 0.0000 0.000000 2.942707 
0.086 2 1 0 0 0.0000 0.0000 0.00 0.00 -0.0000 -0.0000 0.0000 0.0000 0.000000 2.942722 
0.089 2 1 0 0 0.0000 0.0000 0.00 0.00 -0.0000 -0.0000 0.0000 0.0000 0.000000 2.942733 
0.092 2 1 0 0 0.0000 0.0000 0.00 0.00 -0.0000 -0.0000 0.0000 0.0000 0.000000 2.942724 
0.095 2 1 0 0 0.0000 0.0000 0.00 0.00 -0.0000 -0.0000 0.0000 0.0000 0.000000 2.942726 
0.098 2 1 0 0 0.0000 0.0000 0.00 0.00 -0.0000 -0.0000 0.0000 0.0000 0.000000 2.942723 
0.101 2 1 0 0 0.0000 0.0000 0.00 0.00 -0.0000 -0.0000 0.0000 0.0000 0.000000 2.942726 
0.104 2 1 0 0 0.0000 0.0000 0.00 0.00 -0.0000 -0.0000 0.0000 0.0000 0.000000 2.942728 
0.107 2 1 0 0 0.0000 0.0000 0.00 0.00 -0.0000 -0.0000 0.0000 0.0000 0.000000 2.942733 
0.110 2 1 0 0 0.0000 0.0000 0.00 0.00 -0.0000 -0.0000 0.0000 0.0000 0.000000 2.942737 
0.113 2 1 0 0 0.0000 0.0000 0.00 0.00 -0.0000 -0.0000 0.0000 0.0000 0.000000 2.942739 
0.116 2 1 0 0 0.0000 0.0000 0.00 0.00 -0.0000 -0.0000 0.0000 0.0000 0.000000 2.942755 
0.119 2 1 0 0 0.0000 0.0000 0.00 0.00 -0.0000 -0.0000 0.0000 0.0000 0.000000 2.942765 
0.122 2 1 0 0 0.0000 0.0000 0.00 0.00 -0.0000 -0.0000 0.0000 0.0000 0.000000 2.942758 
0.125 2 1 0 0 0.0000 0.0000 0.00 0.00 -0.0000 -0.0000 0.0000 0.0000 0.000000 2.942751 
0.128 2 1 0 0 0.0000 0.0000 0.00 0.00 -0.0000 -0.0000 0.0000 0.0000 0.000000 2.942750 
0.131 2 1 0 0 0.0000 0.0000 0.00 0.00 -0.0000 -0.0000 0.0000 0.0000 0.000000 2.942748 
0.134 2 1 0 0 0.0000 0.0000 0.00 0.00 -0.0000 -0.0000 0.0000 0.0000 0.000000 2.942751 
0.137 2 1 0 0 0.0000 0.0000 0.00 0.00 -0.0000 -0.0000 0.0000 0.0000 0.000000 2.942745 
0.140 2 1 0 0 0.0000 0.0000 0.00 0.00 -0.0000 -0.0000 0.0000 0.0000 0.000000 2.942729 
0.143 2 1 0 0 0.0000 0.0000 0.00 0.00 -0.0000 -0.0000 0.0000 0.0000 0.000000 2.942735 
0.146 2 1 0 0 0.0000 0.0000 0.00 0.00 -0.0000 -0.0000 0.0000 0.0000 0.000000 2.942731 
0.149 2 1 0 0 0.0000 0.0000 0.00 0.00 -0.0000 -0.0000 0.0000 0.0000 0.000000 2.942733 
0.152 2 1 0 0 0.0000 0.0000 0.00 0.00 -0.0000 -0.0000 0.0000 0.0000 0.000000 2.942733 
0.155 2 1 0 0 0.0000 0.0000 0.00 0.00 -0.0000 -0.0000 0.0000 0.0000 0.000000 2.942727 
0.158 2 1 0 0 0.0000 0.0000 0.00 0.00 -0.0000 -0.0000 0.0000 0.0000 0.000000 2.942716 
0.161 2 1 0 0 0.0000 0.0000 0.00 0.00 -0.0000 -0.0000 0.0000 0.0000 0.000000 2.942693 
0.164 2 1 0 0 0.0000 0.0000 0.00 0.00 -0.0000 -0.0000 0.0000 0.0000 0.000000 2.942679 
0.167 2 1 0 0 0.0000 0.0000 0.00 0.00 -0.0000 -0.0000 0.0000 0.0000 0.000000 2.942689 
0.170 2 1 0 0 0.0000 0.0000 0.00 0.00 -0.0000 -0.0000 0.0000 0.0000 0.000000 2.942679 
0.173 2 1 0 0 0.0000 0.0000 0.00 0.00 -0.0000 -0.0000 0.0000 0.0000 0.000000 2.942683 
0.176 2 1 0 0 0.0000 0.0000 0.00 0.00 -0.0000 -0.0000 0.0000 0.0000 0.000000 2.942682 
0.179 2 1 0 0 0.0000 0.0000 0.00 0.00 -0.0000 -0.0000 0.0000 0.0000 0.000000 2.942666 
0.182 2 1 0 0 0.0000 0.0000 0.00 0.00 -0.0000 -0.0000 0.0000 0.0000 0.000000 2.942656 
0.185 2 1 0 0 0.0000 0.0000 0.00 0.00 -0.0000 -0.0000 0.0000 0.0000 0.000000 2.942660 
0.188 2 1 0 0 0.0000 0.0000 0.00 0.00 -0.0000 -0.0000 0.0000 0.0000 0.000000 2.942651 
0.191 2 1 0 0 0.0000 0.0000 0.00 0.00 -0.0000 -0.0000 0.0000 0.0000 0.000000 2.942647 
0.194 2 1 0 0 0.0000 0.0000 0.00 0.00 -0.0000 -0.0000 0.0000 0.0000 0.000000 2.942646 
0.197 2 1 0 0 0.0000 0.0000 0.00 0.00 -0.0000 -0.0000 0.0000 0.0000 0.000000 2.942654 
0.200 2 1 0 0 0.0000 0.0000 0.00 0.00 -0.0000 -0.0000 0.0000 0.0000 0.000000 2.942658 
0.203 2 1 0 0 0.0000 0.0000 0.00 0.00 -0.0000 -0.0000 0.0000 0.0000 0.000000 2.942661 
0.206 2 1 0 0 0.0000 0.0000 0.00 0.00 -0.0000 -0.0000 0.0000 0.0000 0.000000 2.942652 
0.209 2 1 0 0 0.0000 0.0000 0.00 0.00 -0.0000 -0.0000 0.0000 0.0000 0.000000 2.942653 
0.212 2 1 0 0 0.0000 0.0000 0.00 0.00 -0.0000 -0.0000 0.0000 0.0000 0.000000 2.942645 
0.215 2 1 0 0 0.0000 0.0000 0.00 0.00 -0.0000 -0.0000 0.0000 0.0000 0.000000 2.942647 
0.218 2 1 0 0 0.0000 0.0000 0.00 0.00 -0.0000 -0.0000 0.0000 0.0000 0.000000 2.942657 
0.221 2 1 0 0 0.0000 0.0000 0.00 0.00 -0.0000 -0.0000 0.0000 0.0000 0.000000 2.942653 
0.224 2 1 0 0 0.0000 0.0000 0.00 0.00 -0.0000 -0.0000 0.0000 0.0000 0.000000 2.942660 
0.227 2 1 0 0 0.0000 0.0000 0.00 0.00 -0.0000 -0.0000 0.0000 0.0000 0.000000 2.942656 
0.230 2 1 0 0 0.0000 0.0000 0.00 0.00 -0.0000 -0.0000 0.0000 0.0000 0.000000 2.942661 
0.233 2 1 0 0 0.0000 0.0000 0.00 0.00 -0.0000 -0.0000 0.0000 0.0000 0.000000 2.942662 
0.236 2 1 0 0 0.0000 0.0000 0.00 0.00 -0.0000 -0.0000 0.0000 0.0000 0.000000 2.942658 
0.239 2 1 0 0 0.0000 0.0000 0.00 0.00 -0.0000 -0.0000 0.0000 0.0000 0.000000 2.942656 
0.242 2 1 0 0 0.0000 0.0000 0.00 0.00 -0.0000 -0.0000 0.0000 0.0000 0.000000 2.942663 
0.245 2 1 0 0 0.0000 0.0000 0.00 0.00 -0.0000 -0.0000 0.0000 0.0000 0.000000 2.942660 
0.248 2 1 0 0 0.0000 0.0000 0.00 0.00 -0.0000 -0.0000 0.0000 0.0000 0.000000 2.942646 
0.251 2 1 0 0 0.0000 0.0000 0.00 0.00 -0.0000 -0.0000 0.0000 0.0000 0.000000 2.942638 
0.254 2 1 0 0 0.0000 0.0000 0.00 0.00 -0.0000 -0.0000 0.0000 0.0000 0.000000 2.942635 
0.257 2 1 0 0 0.0000 0.0000 0.00 0.00 -0.0000 -0.0000 0.0000 0.0000 0.000000 2.942638 
0.260 2 1 0 0 0.0000 0.0000 0.00 0.00 -0.0000 -0.0000 0.0000 0.0000 0.000000 2.942629 
0.263 2 1 0 0 0.0000 0.0000 0.00 0.00 -0.0000 -0.0000 0.0000 0.0000 0.000000 2.942634 
0.266 2 1 0 0 0.0000 0.0000 0.00 0.00 -0.0000 -0.0000 0.0000 0.0000 0.000000 2.942638 
0.269 2 1 0 0 0.0000 0.0000 0.00 0.00 -0.0000 -0.0000 0.0000 0.0000 0.000000 2.942654 
0.272 2 1 0 0 0.0000 0.0000 0.00 0.00 -0.0000 -0.0000 0.0000 0.0000 0.000000 2.942646 
0.275 2 1 0 0 0.0000 0.0000 0.00 0.00 -0.0000 -0.0000 0.0000 0.0000 0.000000 2.942647 
0.278 2 1 0 0 0.0000 0.0000 0.00 0.00 -0.0000 -0.0000 0.0000 0.0000 0.000000 2.942647 
0.281 2 1 0 0 0.0000 0.0000 0.00 0.00 -0.0000 -0.0000 0.0000 0.0000 0.000000 2.942643 
0.284 2 1 0 0 0.0000 0.0000 0.00 0.00 -0.0000 -0.0000 0.0000 0.0000 0.000000 2.942640 
0.287 2 1 0 0 0.0000 0.0000 0.00 0.00 -0.0000 -0.0000 0.0000 0.0000 0.000000 2.942639 
0.290 2 1 0 0 0.0000 0.0000 0.00 0.00 -0.0000 -0.0000 0.0000 0.0000 0.000000 2.942627 
0.293 2 1 0 0 0.0000 0.0000 0.00 0.00 -0.0000 -0.0000 0.0000 0.0000 0.000000 2.942624 
0.296 2 1 0 0 0.0000 0.0000 0.00 0.00 -0.0000 -0.0000 0.0000 0.0000 0.000000 2.942615 
0.299 2 1 0 0 0.0000 0.0000 0.00 0.00 -0.0000 -0.0000 0.0000 0.0000 0.000000 2.942619 
0.302 2 1 1 0 0.3000 0.3000 2.40 2.40 -0.0000 -0.0000 0.0000 0.0000 0.000000 2.942625 
0.305 2 1 1 0 0.3000 0.3000 2.40 2.40 -0.0000 -0.0000 0.0000 0.0000 0.000000 2.942615 
0.308 2 1 1 0 0.3000 0.3000 2.40 2.40 0.0000 0.0000 0.0004 0.0000 0.000000 2.942602 
0.311 2 1 1 0 0.3026 0.2974 2.42 2.38 0.0000 0.0000 0.0006 0.0000 0.002591 2.942608 
0.314 2 1 1 0 0.3000 0.3000 2.33 2.40 0.0920 0.0000 0.0008 0.0000 0.000000 2.942610 
0.317 2 1 1 0 0.3026 0.2974 2.22 2.22 0.1349 0.1573 0.0014 0.0000 0.002591 2.942602 
0.320 2 1 1 0 0.3000 0.3000 2.07 2.09 0.1863 0.1689 0.0020 0.0000 0.000000 2.942623 
0.323 2 1 1 0 0.3026 0.2974 1.97 1.93 0.2125 0.2300 0.0026 0.0000 0.002591 2.942568 
0.326 2 1 1 0 0.3026 0.2974 1.85 1.81 0.2477 0.2551 0.0034 0.0000 0.002591 2.942580 
0.329 2 1 1 0 0.3026 0.2974 1.76 1.71 0.2620 0.2800 0.0042 0.0000 0.002591 2.942629 
0.332 2 1 1 0 0.3026 0.2974 1.69 1.63 0.2685 0.2757 0.0050 0.0000 0.002591 2.942579 
0.335 2 1 1 0 0.3026 0.2974 1.65 1.58 0.2782 0.3043 0.0058 0.0000 0.002591 2.942606 
0.338 2 1 1 0 0.3000 0.3000 1.58 1.54 0.2931 0.3056 0.0068 0.0000 0.000000 2.942620 
0.341 2 1 1 0 0.3026 0.2974 1.57 1.48 0.3053 0.3121 0.0078 0.0000 0.002591 2.942621 
0.344 2 1 1 0 0.3026 0.2974 1.55 1.47 0.2962 0.3129 0.0086 0.0000 0.002591 2.942617 
0.347 2 1 1 0 0.3026 0.2974 1.53 1.44 0.3067 0.3225 0.0094 0.0000 0.002591 2.942629 
0.350 2 1 1 0 0.3026 0.2974 1.52 1.42 0.3099 0.3360 0.0106 0.0000 0.002591 2.942624 
0.353 2 1 1 0 0.3026 0.2974 1.50 1.41 0.3062 0.3238 0.0114 0.0000 0.002591 2.942622 
0.356 2 1 1 0 0.3052 0.2948 1.53 1.37 0.3103 0.3394 0.0125 0.0000 0.005182 2.942645 
0.359 2 1 1 0 0.3026 0.2974 1.49 1.37 0.3184 0.3456 0.0135 0.0000 0.002591 2.942641 
0.362 2 1 1 0 0.3052 0.2948 1.49 1.34 0.3276 0.3360 0.0145 0.0000 0.005182 2.942623 
0.365 2 1 1 0 0.3078 0.2922 1.51 1.31 0.3141 0.3495 0.0155 0.0000 0.007773 2.942626 
0.368 2 1 1 0 0.3052 0.2948 1.48 1.32 0.3272 0.3516 0.0165 0.0000 0.005182 2.942627 
0.371 2 1 1 0 0.3078 0.2922 1.49 1.30 0.3294 0.3416 0.0175 0.0001 0.007773 2.942616 
0.374 2 1 1 0 0.3078 0.2922 1.49 1.29 0.3194 0.3521 0.0187 0.0001 0.007773 2.942609 
0.377 2 1 1 0 0.3078 0.2922 1.49 1.29 0.3339 0.3549 0.0195 0.0001 0.007773 2.942597 
0.380 2 1 1 0 0.3078 0.2922 1.48 1.28 0.3333 0.3427 0.0207 0.0001 0.007773 2.942609 
0.383 2 1 1 0 0.3078 0.2922 1.47 1.28 0.3292 0.3538 0.0215 0.0001 0.007773 2.942610 
0.386 2 1 1 0 0.3078 0.2922 1.47 1.29 0.3389 0.3525 0.0227 0.0001 0.007773 2.942598 
0.389 2 1 1 0 0.3104 0.2896 1.48 1.26 0.3328 0.3418 0.0237 0.0001 0.010364 2.942595 
0.392 2 1 1 0 0.3078 0.2922 1.45 1.29 0.3353 0.3546 0.0247 0.0001 0.007773 2.942570 
0.395 2 1 1 0 0.3104 0.2896 1.48 1.27 0.3326 0.3529 0.0257 0.0001 0.010364 2.942580 
0.398 2 1 1 0 0.3104 0.2896 1.48 1.27 0.3339 0.3392 0.0269 0.0001 0.010364 2.942588 
0.401 2 1 1 0 0.3104 0.2896 1.47 1.27 0.3432 0.3520 0.0277 0.0001 0.010364 2.942582 
0.404 2 1 1 0 0.3104 0.2896 1.48 1.27 0.3362 0.3504 0.0289 0.0002 0.010364 2.942605 
0.407 2 1 1 0 0.3104 0.2896 1.47 1.27 0.3422 0.3471 0.0297 0.0002 0.010364 2.942589 
0.410 2 1 1 0 0.3104 0.2896 1.46 1.28 0.3480 0.3537 0.0309 0.0002 0.010364 2.942594 
0.413 2 1 1 0 0.3104 0.2896 1.46 1.28 0.3336 0.3445 0.0317 0.0002 0.010364 2.942587 
0.416 2 1 1 0 0.3104 0.2896 1.46 1.27 0.3470 0.3488 0.0329 0.0002 0.010364 2.942591 
0.419 2 1 1 0 0.3104 0.2896 1.45 1.27 0.3517 0.3552 0.0341 0.0002 0.010364 2.942587 
0.422 2 1 1 0 0.3104 0.2896 1.45 1.27 0.3364 0.3464 0.0349 0.0002 0.010364 2.942581 
0.425 2 1 1 0 0.3104 0.2896 1.45 1.26 0.3461 0.3521 0.0361 0.0002 0.010364 2.942565 
0.428 2 1 1 0 0.3130 0.2870 1.47 1.24 0.3472 0.3576 0.0371 0.0002 0.012956 2.942561 
0.431 2 1 1 0 0.3104 0.2896 1.45 1.26 0.3361 0.3487 0.0382 0.0003 0.010364 2.942554 
0.434 2 1 1 0 0.3104 0.2896 1.45 1.26 0.3391 0.3507 0.0394 0.0003 0.010364 2.942553 
0.437 2 1 1 0 0.3104 0.2896 1.45 1.27 0.3471 0.3426 0.0402 0.0003 0.010364 2.942559 
0.440 2 1 1 0 0.3104 0.2896 1.45 1.27 0.3355 0.3435 0.0414 0.0003 0.010364 2.942544 
0.443 2 1 1 0 0.3130 0.2870 1.48 1.25 0.3497 0.3479 0.0424 0.0003 0.012956 2.942551 
0.446 2 1 1 0 0.3104 0.2896 1.45 1.28 0.3489 0.3435 0.0434 0.0003 0.010364 2.942546 
0.449 2 1 1 0 0.3130 0.2870 1.47 1.26 0.3444 0.3418 0.0444 0.0003 0.012956 2.942550 
0.452 2 1 1 0 0.3104 0.2896 1.45 1.27 0.3473 0.3530 0.0454 0.0003 0.010364 2.942538 
0.455 2 1 1 0 0.3104 0.2896 1.45 1.28 0.3465 0.3418 0.0466 0.0003 0.010364 2.942549 
0.458 2 1 1 0 0.3130 0.2870 1.47 1.26 0.3422 0.3402 0.0476 0.0004 0.012956 2.942538 
0.461 2 1 1 0 0.3104 0.2896 1.45 1.28 0.3505 0.3526 0.0486 0.0004 0.010364 2.942539 
0.464 2 1 1 0 0.3130 0.2870 1.47 1.26 0.3441 0.3446 0.0496 0.0004 0.012956 2.942530 
0.467 2 1 1 0 0.3104 0.2896 1.44 1.28 0.3454 0.3470 0.0506 0.0004 0.010364 2.942542 
0.470 2 1 1 0 0.3130 0.2870 1.47 1.25 0.3458 0.3553 0.0516 0.0004 0.012956 2.942536 
0.473 2 1 1 0 0.3130 0.2870 1.46 1.26 0.3486 0.3463 0.0528 0.0004 0.012956 2.942533 
0.476 2 1 1 0 0.3104 0.2896 1.43 1.27 0.3487 0.3503 0.0538 0.0004 0.010364 2.942531 
0.479 2 1 1 0 0.3130 0.2870 1.46 1.25 0.3453 0.3583 0.0548 0.0004 0.012956 2.942533 
0.482 2 1 1 0 0.3104 0.2896 1.44 1.27 0.3472 0.3440 0.0558 0.0005 0.010364 2.942534 
0.485 2 1 1 0 0.3104 0.2896 1.43 1.27 0.3475 0.3538 0.0570 0.0005 0.010364 2.942547 
0.488 2 1 1 0 0.3130 0.2870 1.46 1.24 0.3469 0.3594 0.0580 0.0005 0.012956 2.942539 
0.491 2 1 1 0 0.3104 0.2896 1.44 1.27 0.3488 0.3440 0.0590 0.0005 0.010364 2.942538 
0.494 2 1 1 0 0.3130 0.2870 1.45 1.25 0.3564 0.3499 0.0600 0.0005 0.012956 2.942542 
0.497 2 1 1 0 0.3130 0.2870 1.46 1.25 0.3461 0.3561 0.0612 0.0005 0.012956 2.942543 
0.500 2 1 1 0 0.3104 0.2896 1.43 1.26 0.3476 0.3408 0.0622 0.0005 0.010364 2.942552 
0.503 2 1 1 0 0.3130 0.2870 1.45 1.25 0.3575 0.3515 0.0633 0.0005 0.012956 2.942553 
0.506 2 1 1 0 0.3104 0.2896 1.44 1.27 0.3475 0.3531 0.0643 0.0006 0.010364 2.942546 
0.509 2 1 1 0 0.3130 0.2870 1.45 1.25 0.3533 0.3400 0.0653 0.0006 0.012956 2.942545 
0.512 2 1 1 0 0.3130 0.2870 1.45 1.25 0.3582 0.3487 0.0665 0.0006 0.012956 2.942551 
0.515 2 1 1 0 0.3104 0.2896 1.43 1.27 0.3485 0.3511 0.0675 0.0006 0.010364 2.942550 
0.518 2 1 1 0 0.3130 0.2870 1.45 1.25 0.3527 0.3392 0.0685 0.0006 0.012956 2.942553 
0.521 2 1 1 0 0.3104 0.2896 1.42 1.27 0.3578 0.3545 0.0695 0.0006 0.010364 2.942549 
0.524 2 1 1 0 0.3104 0.2896 1.44 1.27 0.3435 0.3527 0.0707 0.0006 0.010364 2.942532 
0.527 2 1 1 0 0.3130 0.2870 1.46 1.25 0.3493 0.3414 0.0717 0.0006 0.012956 2.942516 
0.530 2 1 1 0 0.3104 0.2896 1.44 1.27 0.3540 0.3566 0.0727 0.0007 0.010364 2.942538 
0.533 2 1 1 0 0.3130 0.2870 1.47 1.24 0.3381 0.3554 0.0737 0.0007 0.012956 2.942544 
0.536 2 1 1 0 0.3130 0.2870 1.47 1.24 0.3479 0.3460 0.0749 0.0007 0.012956 2.942541 
0.539 2 1 1 0 0.3104 0.2896 1.44 1.26 0.3540 0.3587 0.0759 0.0007 0.010364 2.942518 
0.542 2 1 1 0 0.3130 0.2870 1.46 1.24 0.3385 0.3571 0.0769 0.0007 0.012956 2.942529 
0.545 2 1 1 0 0.3130 0.2870 1.46 1.24 0.3507 0.3420 0.0781 0.0007 0.012956 2.942541 
0.548 2 1 1 0 0.3130 0.2870 1.46 1.25 0.3515 0.3499 0.0789 0.0007 0.012956 2.942538 
0.551 2 1 1 0 0.3130 0.2870 1.46 1.25 0.3402 0.3485 0.0801 0.0007 0.012956 2.942508 
0.554 2 1 1 0 0.3104 0.2896 1.44 1.27 0.3516 0.3462 0.0811 0.0008 0.010364 2.942511 
0.557 2 1 1 0 0.3130 0.2870 1.46 1.25 0.3544 0.3514 0.0821 0.0008 0.012956 2.942508 
0.560 2 1 1 0 0.3130 0.2870 1.45 1.25 0.3421 0.3512 0.0833 0.0008 0.012956 2.942513 
0.563 2 1 1 0 0.3130 0.2870 1.45 1.25 0.3570 0.3476 0.0841 0.0008 0.012956 2.942527 
0.566 2 1 1 0 0.3130 0.2870 1.45 1.25 0.3563 0.3524 0.0853 0.0008 0.012956 2.942516 
0.569 2 1 1 0 0.3104 0.2896 1.42 1.27 0.3445 0.3431 0.0863 0.0008 0.010364 2.942517 
0.572 2 1 1 0 0.3130 0.2870 1.44 1.25 0.3579 0.3484 0.0873 0.0008 0.012956 2.942509 
0.575 2 1 1 0 0.3104 0.2896 1.43 1.27 0.3487 0.3483 0.0884 0.0008 0.010364 2.942509 
0.578 2 1 1 0 0.3104 0.2896 1.44 1.27 0.3373 0.3465 0.0896 0.0009 0.010364 2.942492 
0.581 2 1 1 0 0.3130 0.2870 1.47 1.24 0.3522 0.3515 0.0906 0.0009 0.012956 2.942496 
0.584 2 1 1 0 0.3104 0.2896 1.44 1.27 0.3537 0.3500 0.0916 0.0009 0.010364 2.942492 
0.587 2 1 1 0 0.3130 0.2870 1.46 1.24 0.3491 0.3488 0.0926 0.0009 0.012956 2.942491 
0.590 2 1 1 0 0.3130 0.2870 1.46 1.24 0.3567 0.3549 0.0938 0.0009 0.012956 2.942493 
0.593 2 1 1 0 0.3104 0.2896 1.43 1.26 0.3562 0.3542 0.0948 0.0009 0.010364 2.942504 
0.596 2 1 1 0 0.3130 0.2870 1.44 1.23 0.3516 0.3510 0.0958 0.0009 0.012956 2.942484 
0.599 2 1 1 0 0.3130 0.2870 1.45 1.23 0.3581 0.3494 0.0970 0.0009 0.012956 2.942482 
0.602 2 1 1 0 0.3104 0.2896 1.42 1.27 0.3558 0.3468 0.0980 0.0010 0.010364 2.942475 
0.605 2 1 1 0 0.3130 0.2870 1.44 1.25 0.3504 0.3432 0.0990 0.0010 0.012956 2.942469 
0.608 2 1 1 0 0.3104 0.2896 1.43 1.27 0.3576 0.3548 0.1000 0.0010 0.010364 2.942481 
0.611 2 1 1 0 0.3104 0.2896 1.43 1.27 0.3533 0.3464 0.1012 0.0010 0.010364 2.942484 
0.614 2 1 1 0 0.3130 0.2870 1.45 1.25 0.3436 0.3456 0.1022 0.0010 0.012956 2.942500 
0.617 2 1 1 0 0.3104 0.2896 1.44 1.26 0.3516 0.3572 0.1032 0.0010 0.010364 2.942485 
0.620 2 1 1 0 0.3130 0.2870 1.46 1.25 0.3455 0.3474 0.1042 0.0010 0.012956 2.942498 
0.623 2 1 1 0 0.3130 0.2870 1.46 1.25 0.3465 0.3456 0.1054 0.0010 0.012956 2.942477 
0.626 2 1 1 0 0.3104 0.2896 1.44 1.26 0.3472 0.3585 0.1064 0.0011 0.010364 2.942458 
0.629 2 1 1 0 0.3130 0.2870 1.46 1.25 0.3494 0.3506 0.1074 0.0011 0.012956 2.942447 
0.632 2 1 1 0 0.3104 0.2896 1.43 1.26 0.3514 0.3526 0.1084 0.0011 0.010364 2.942453 
0.635 2 1 1 0 0.3130 0.2870 1.45 1.24 0.3538 0.3610 0.1094 0.0011 0.012956 2.942432 
0.638 2 1 1 0 0.3130 0.2870 1.44 1.24 0.3555 0.3515 0.1106 0.0011 0.012956 2.942464 
0.641 2 1 1 0 0.3104 0.2896 1.41 1.25 0.3556 0.3554 0.1116 0.0011 0.010364 2.942460 
0.644 2 1 1 0 0.3130 0.2870 1.44 1.23 0.3521 0.3631 0.1126 0.0011 0.012956 2.942465 
0.647 2 1 1 0 0.3130 0.2870 1.44 1.23 0.3531 0.3557 0.1139 0.0011 0.012956 2.942459 
0.650 2 1 1 0 0.3104 0.2896 1.41 1.25 0.3535 0.3575 0.1149 0.0012 0.010364 2.942467 
0.653 2 1 1 0 0.3130 0.2870 1.45 1.23 0.3524 0.3550 0.1159 0.0012 0.012956 2.942468 
0.656 2 1 1 0 0.3130 0.2870 1.44 1.24 0.3487 0.3450 0.1171 0.0012 0.012956 2.942456 
0.659 2 1 1 0 0.3104 0.2896 1.43 1.27 0.3430 0.3465 0.1181 0.0012 0.010364 2.942473 
0.662 2 1 1 0 0.3130 0.2870 1.46 1.25 0.3416 0.3536 0.1191 0.0012 0.012956 2.942459 
0.665 2 1 1 0 0.3104 0.2896 1.44 1.28 0.3441 0.3391 0.1201 0.0012 0.010364 2.942476 
0.668 2 1 1 0 0.3130 0.2870 1.46 1.25 0.3551 0.3506 0.1211 0.0012 0.012956 2.942468 
0.671 2 1 1 0 0.3130 0.2870 1.46 1.25 0.3501 0.3577 0.1223 0.0012 0.012956 2.942466 
0.674 2 1 1 0 0.3104 0.2896 1.43 1.27 0.3530 0.3416 0.1233 0.0013 0.010364 2.942439 
0.677 2 1 1 0 0.3130 0.2870 1.44 1.25 0.3627 0.3512 0.1243 0.0013 0.012956 2.942447 
0.680 2 1 1 0 0.3104 0.2896 1.42 1.26 0.3537 0.3539 0.1253 0.0013 0.010364 2.942434 
0.683 2 1 1 0 0.3104 0.2896 1.42 1.26 0.3547 0.3427 0.1265 0.0013 0.010364 2.942433 
0.686 2 1 1 0 0.3130 0.2870 1.43 1.24 0.3633 0.3535 0.1275 0.0013 0.012956 2.942425 
0.689 2 1 1 0 0.3104 0.2896 1.42 1.26 0.3482 0.3564 0.1285 0.0013 0.010364 2.942434 
0.692 2 1 1 0 0.3104 0.2896 1.42 1.26 0.3502 0.3459 0.1297 0.0013 0.010364 2.942432 
0.695 2 1 1 0 0.3130 0.2870 1.44 1.23 0.3581 0.3567 0.1307 0.0013 0.012956 2.942406 
0.698 2 1 1 0 0.3104 0.2896 1.43 1.25 0.3468 0.3594 0.1317 0.0014 0.010364 2.942409 
0.701 2 1 1 0 0.3130 0.2870 1.45 1.23 0.3522 0.3499 0.1327 0.0014 0.012956 2.942425 
0.704 2 1 1 0 0.3130 0.2870 1.45 1.22 0.3578 0.3593 0.1339 0.0014 0.012956 2.942428 
0.707 2 1 1 0 0.3104 0.2896 1.43 1.25 0.3496 0.3606 0.1349 0.0014 0.010364 2.942439 
0.710 2 1 1 0 0.3130 0.2870 1.45 1.23 0.3543 0.3436 0.1359 0.0014 0.012956 2.942449 
0.713 2 1 1 0 0.3130 0.2870 1.45 1.23 0.3588 0.3512 0.1371 0.0014 0.012956 2.942452 
0.716 2 1 1 0 0.3104 0.2896 1.43 1.26 0.3491 0.3533 0.1382 0.0014 0.010364 2.942449 
0.719 2 1 1 0 0.3130 0.2870 1.44 1.24 0.3542 0.3430 0.1392 0.0014 0.012956 2.942437 
0.722 2 1 1 0 0.3130 0.2870 1.44 1.24 0.3603 0.3564 0.1404 0.0015 0.012956 2.942428 
0.725 2 1 1 0 0.3104 0.2896 1.43 1.26 0.3502 0.3560 0.1414 0.0015 0.010364 2.942433 
0.728 2 1 1 0 0.3130 0.2870 1.44 1.24 0.3561 0.3435 0.1424 0.0015 0.012956 2.942429 
0.731 2 1 1 0 0.3104 0.2896 1.42 1.26 0.3613 0.3568 0.1434 0.0015 0.010364 2.942427 
0.734 2 1 1 0 0.3104 0.2896 1.43 1.26 0.3443 0.3541 0.1446 0.0015 0.010364 2.942427 
0.737 2 1 1 0 0.3130 0.2870 1.44 1.24 0.3565 0.3416 0.1456 0.0015 0.012956 2.942424 
0.740 2 1 1 0 0.3104 0.2896 1.42 1.27 0.3557 0.3539 0.1466 0.0015 0.010364 2.942414 
0.743 2 1 1 0 0.3130 0.2870 1.45 1.25 0.3409 0.3536 0.1476 0.0015 0.012956 2.942419 
0.746 2 1 1 0 0.3130 0.2870 1.45 1.25 0.3534 0.3434 0.1488 0.0016 0.012956 2.942384 
0.749 2 1 1 0 0.3104 0.2896 1.43 1.27 0.3583 0.3569 0.1498 0.0016 0.010364 2.942358 
0.752 2 1 1 0 0.3130 0.2870 1.45 1.24 0.3422 0.3567 0.1508 0.0016 0.012956 2.942356 
0.755 2 1 1 0 0.3104 0.2896 1.43 1.25 0.3523 0.3549 0.1518 0.0016 0.010364 2.942368 
0.758 2 1 1 0 0.3104 0.2896 1.43 1.26 0.3582 0.3608 0.1530 0.0016 0.010364 2.942346 
0.761 2 1 1 0 0.3130 0.2870 1.45 1.23 0.3430 0.3592 0.1540 0.0016 0.012956 2.942365 
0.764 2 1 1 0 0.3104 0.2896 1.43 1.25 0.3547 0.3548 0.1550 0.0016 0.010364 2.942355 
0.767 2 1 1 0 0.3130 0.2870 1.44 1.23 0.3557 0.3568 0.1560 0.0016 0.012956 2.942354 
0.770 2 1 1 0 0.3130 0.2870 1.45 1.24 0.3435 0.3554 0.1572 0.0017 0.012956 2.942344 
0.773 2 1 1 0 0.3104 0.2896 1.43 1.25 0.3540 0.3536 0.1582 0.0017 0.010364 2.942362 
0.776 2 1 1 0 0.3130 0.2870 1.45 1.24 0.3563 0.3577 0.1592 0.0017 0.012956 2.942371 
0.779 2 1 1 0 0.3130 0.2870 1.45 1.24 0.3435 0.3570 0.1604 0.0017 0.012956 2.942353 
0.782 2 1 1 0 0.3104 0.2896 1.42 1.25 0.3560 0.3537 0.1614 0.0017 0.010364 2.942346 
0.785 2 1 1 0 0.3130 0.2870 1.44 1.24 0.3574 0.3575 0.1624 0.0017 0.012956 2.942349 
0.788 2 1 1 0 0.3130 0.2870 1.45 1.24 0.3414 0.3551 0.1637 0.0017 0.012956 2.942346 
0.791 2 1 1 0 0.3104 0.2896 1.43 1.25 0.3524 0.3520 0.1647 0.0017 0.010364 2.942345 
0.794 2 1 1 0 0.3130 0.2870 1.45 1.24 0.3552 0.3585 0.1657 0.0018 0.012956 2.942347 
0.797 2 1 1 0 0.3104 0.2896 1.43 1.26 0.3441 0.3489 0.1667 0.0018 0.010364 2.942344 
0.800 2 1 1 0 0.3130 0.2870 1.44 1.23 0.3587 0.3532 0.1677 0.0018 0.012956 2.942339 
0.803 2 1 1 0 0.3130 0.2870 1.44 1.24 0.3588 0.3605 0.1689 0.0018 0.012956 2.942342 
0.806 2 1 1 0 0.3104 0.2896 1.42 1.26 0.3450 0.3458 0.1699 0.0018 0.010364 2.942333 
0.809 2 1 1 0 0.3130 0.2870 1.44 1.24 0.3571 0.3510 0.1709 0.0018 0.012956 2.942344 
0.812 2 1 1 0 0.3130 0.2870 1.44 1.24 0.3562 0.3576 0.1721 0.0018 0.012956 2.942328 
0.815 2 1 1 0 0.3104 0.2896 1.42 1.26 0.3423 0.3492 0.1731 0.0018 0.010364 2.942304 
0.818 2 1 1 0 0.3130 0.2870 1.45 1.23 0.3558 0.3523 0.1741 0.0019 0.012956 2.942312 
0.821 2 1 1 0 0.3130 0.2870 1.45 1.24 0.3544 0.3550 0.1753 0.0019 0.012956 2.942341 
0.824 2 1 1 0 0.3104 0.2896 1.43 1.26 0.3429 0.3465 0.1763 0.0019 0.010364 2.942335 
0.827 2 1 1 0 0.3130 0.2870 1.45 1.24 0.3569 0.3522 0.1773 0.0019 0.012956 2.942335 
0.830 2 1 1 0 0.3104 0.2896 1.43 1.26 0.3559 0.3484 0.1783 0.0019 0.010364 2.942333 
0.833 2 1 1 0 0.3130 0.2870 1.45 1.24 0.3516 0.3489 0.1793 0.0019 0.012956 2.942352 
0.836 2 1 1 0 0.3130 0.2870 1.45 1.23 0.3586 0.3539 0.1805 0.0019 0.012956 2.942336 
0.839 2 1 1 0 0.3104 0.2896 1.42 1.26 0.3578 0.3509 0.1815 0.0020 0.010364 2.942345 
0.842 2 1 1 0 0.3130 0.2870 1.44 1.24 0.3532 0.3494 0.1825 0.0020 0.012956 2.942349 
0.845 2 1 1 0 0.3130 0.2870 1.44 1.23 0.3605 0.3546 0.1837 0.0020 0.012956 2.942363 
0.848 2 1 1 0 0.3104 0.2896 1.42 1.26 0.3597 0.3540 0.1847 0.0020 0.010364 2.942364 
0.851 2 1 1 0 0.3130 0.2870 1.43 1.23 0.3542 0.3517 0.1857 0.0020 0.012956 2.942366 
0.854 2 1 1 0 0.3130 0.2870 1.44 1.23 0.3620 0.3562 0.1869 0.0020 0.012956 2.942377 
0.857 2 1 1 0 0.3104 0.2896 1.42 1.25 0.3547 0.3546 0.1879 0.0020 0.010364 2.942395 
0.860 2 1 1 0 0.3130 0.2870 1.44 1.23 0.3483 0.3529 0.1890 0.0020 0.012956 2.942394 
0.863 2 1 1 0 0.3130 0.2870 1.45 1.22 0.3527 0.3588 0.1902 0.0021 0.012956 2.942405 
0.866 2 1 1 0 0.3130 0.2870 1.45 1.23 0.3475 0.3577 0.1910 0.0021 0.012956 2.942410 
0.869 2 1 1 0 0.3130 0.2870 1.45 1.22 0.3488 0.3550 0.1922 0.0021 0.012956 2.942428 
0.872 2 1 1 0 0.3130 0.2870 1.45 1.22 0.3569 0.3567 0.1934 0.0021 0.012956 2.942440 
0.875 2 1 1 0 0.3130 0.2870 1.45 1.23 0.3517 0.3536 0.1942 0.0021 0.012956 2.942446 
0.878 2 1 1 0 0.3130 0.2870 1.44 1.23 0.3530 0.3495 0.1954 0.0021 0.012956 2.942460 
0.881 2 1 1 0 0.3130 0.2870 1.44 1.23 0.3615 0.3533 0.1966 0.0021 0.012956 2.942468 
0.884 2 1 1 0 0.3130 0.2870 1.44 1.24 0.3544 0.3483 0.1974 0.0022 0.012956 2.942470 
0.887 2 1 1 0 0.3130 0.2870 1.43 1.24 0.3566 0.3469 0.1986 0.0022 0.012956 2.942443 
0.890 2 1 1 0 0.3130 0.2870 1.43 1.24 0.3635 0.3515 0.1998 0.0022 0.012956 2.942460 
0.893 2 1 1 0 0.3130 0.2870 1.43 1.25 0.3565 0.3485 0.2006 0.0022 0.012956 2.942465 
0.896 2 1 1 0 0.3130 0.2870 1.43 1.25 0.3567 0.3459 0.2018 0.0022 0.012956 2.942450 
0.899 2 1 1 0 0.3104 0.2896 1.41 1.26 0.3641 0.3570 0.2028 0.0022 0.010364 2.942456 
0.902 2 1 1 0 0.3104 0.2896 1.41 1.27 0.3545 0.3488 0.2040 0.0022 0.010364 2.942447 
0.905 2 1 1 0 0.3130 0.2870 1.43 1.24 0.3514 0.3470 0.2050 0.0022 0.012956 2.942462 
0.908 2 1 1 0 0.3104 0.2896 1.42 1.26 0.3585 0.3595 0.2060 0.0023 0.010364 2.942460 
0.911 2 1 1 0 0.3130 0.2870 1.44 1.24 0.3530 0.3511 0.2070 0.0023 0.012956 2.942472 
0.914 2 1 1 0 0.3130 0.2870 1.44 1.24 0.3521 0.3490 0.2082 0.0023 0.012956 2.942458 
0.917 2 1 1 0 0.3104 0.2896 1.42 1.25 0.3562 0.3631 0.2092 0.0023 0.010364 2.942464 
0.920 2 1 1 0 0.3130 0.2870 1.44 1.23 0.3505 0.3561 0.2102 0.0023 0.012956 2.942454 
0.923 2 1 1 0 0.3130 0.2870 1.44 1.23 0.3510 0.3539 0.2114 0.0023 0.012956 2.942452 
0.926 2 1 1 0 0.3104 0.2896 1.43 1.24 0.3583 0.3638 0.2124 0.0023 0.010364 2.942440 
0.929 2 1 1 0 0.3130 0.2870 1.45 1.23 0.3526 0.3536 0.2134 0.0023 0.012956 2.942436 
0.932 2 1 1 0 0.3130 0.2870 1.44 1.23 0.3515 0.3497 0.2147 0.0024 0.012956 2.942447 
0.935 2 1 1 0 0.3104 0.2896 1.43 1.25 0.3584 0.3609 0.2157 0.0024 0.010364 2.942457 
0.938 2 1 1 0 0.3130 0.2870 1.44 1.23 0.3514 0.3519 0.2167 0.0024 0.012956 2.942461 
0.941 2 1 1 0 0.3130 0.2870 1.44 1.23 0.3529 0.3502 0.2179 0.0024 0.012956 2.942452 
0.944 2 1 1 0 0.3130 0.2870 1.44 1.23 0.3517 0.3619 0.2187 0.0024 0.012956 2.942446 
0.947 2 1 1 0 0.3130 0.2870 1.44 1.24 0.3533 0.3514 0.2199 0.0024 0.012956 2.942451 
0.950 2 1 1 0 0.3130 0.2870 1.43 1.24 0.3543 0.3488 0.2211 0.0024 0.012956 2.942443 
0.953 2 1 1 0 0.3130 0.2870 1.44 1.23 0.3537 0.3610 0.2219 0.0024 0.012956 2.942445 
0.956 2 1 1 0 0.3130 0.2870 1.44 1.24 0.3547 0.3525 0.2231 0.0025 0.012956 2.942450 
0.959 2 1 1 0 0.3104 0.2896 1.41 1.25 0.3555 0.3540 0.2241 0.0025 0.010364 2.942446 
0.962 2 1 1 0 0.3104 0.2896 1.42 1.25 0.3553 0.3626 0.2253 0.0025 0.010364 2.942445 
0.965 2 1 1 0 0.3130 0.2870 1.43 1.24 0.3566 0.3541 0.2263 0.0025 0.012956 2.942468 
0.968 2 1 1 0 0.3104 0.2896 1.41 1.25 0.3558 0.3575 0.2273 0.0025 0.010364 2.942465 
0.971 2 1 1 0 0.3104 0.2896 1.41 1.25 0.3593 0.3653 0.2285 0.0025 0.010364 2.942475 
0.974 2 1 1 0 0.3130 0.2870 1.43 1.23 0.3529 0.3579 0.2295 0.0025 0.012956 2.942463 
0.977 2 1 1 0 0.3104 0.2896 1.41 1.24 0.3538 0.3599 0.2305 0.0026 0.010364 2.942445 
0.980 2 1 1 0 0.3104 0.2896 1.42 1.24 0.3603 0.3650 0.2317 0.0026 0.010364 2.942436 
0.983 2 1 1 0 0.3130 0.2870 1.43 1.22 0.3544 0.3549 0.2327 0.0026 0.012956 2.942427 
0.986 2 1 1 0 0.3130 0.2870 1.43 1.23 0.3500 0.3504 0.2339 0.0026 0.012956 2.942436 
0.989 2 1 1 0 0.3130 0.2870 1.45 1.23 0.3485 0.3618 0.2347 0.0026 0.012956 2.942431 
0.992 2 1 1 0 0.3130 0.2870 1.45 1.23 0.3495 0.3526 0.2359 0.0026 0.012956 2.942426 
0.995 2 1 1 0 0.3104 0.2896 1.42 1.25 0.3520 0.3564 0.2369 0.0026 0.010364 2.942426 
0.998 2 1 1 0 0.3130 0.2870 1.45 1.23 0.3506 0.3625 0.2379 0.0026 0.012956 2.942433 
1.001 2 1 1 0 0.3130 0.2870 1.44 1.23 0.3531 0.3517 0.2392 0.0027 0.012956 2.942448 
1.004 2 1 1 0 0.3104 0.2896 1.42 1.25 0.3545 0.3539 0.2402 0.0027 0.010364 2.942462 
1.007 2 1 1 0 0.3130 0.2870 1.44 1.23 0.3542 0.3610 0.2412 0.0027 0.012956 2.942466 
1.010 2 1 1 0 0.3130 0.2870 1.44 1.24 0.3557 0.3522 0.2424 0.0027 0.012956 2.942472 
1.013 2 1 1 0 0.3104 0.2896 1.41 1.25 0.3569 0.3538 0.2434 0.0027 0.010364 2.942478 
1.016 2 1 1 0 0.3130 0.2870 1.44 1.23 0.3565 0.3622 0.2444 0.0027 0.012956 2.942477 
1.019 2 1 1 0 0.3130 0.2870 1.43 1.24 0.3585 0.3527 0.2456 0.0027 0.012956 2.942491 
1.022 2 1 1 0 0.3104 0.2896 1.40 1.25 0.3576 0.3559 0.2466 0.0027 0.010364 2.942487 
1.025 2 1 1 0 0.3130 0.2870 1.43 1.23 0.3541 0.3636 0.2476 0.0028 0.012956 2.942486 
1.028 2 1 1 0 0.3130 0.2870 1.43 1.23 0.3550 0.3563 0.2488 0.0028 0.012956 2.942475 
1.031 2 1 1 0 0.3104 0.2896 1.41 1.24 0.3557 0.3586 0.2498 0.0028 0.010364 2.942472 
1.034 2 1 1 0 0.3130 0.2870 1.44 1.22 0.3550 0.3636 0.2508 0.0028 0.012956 2.942470 
1.037 2 1 1 0 0.3130 0.2870 1.43 1.23 0.3560 0.3508 0.2520 0.0028 0.012956 2.942473 
1.040 2 1 1 0 0.3104 0.2896 1.41 1.25 0.3546 0.3520 0.2530 0.0028 0.010364 2.942457 
1.043 2 1 1 0 0.3130 0.2870 1.44 1.23 0.3525 0.3587 0.2540 0.0028 0.012956 2.942443 
1.046 2 1 1 0 0.3130 0.2870 1.44 1.24 0.3533 0.3503 0.2552 0.0029 0.012956 2.942450 
1.049 2 1 1 0 0.3104 0.2896 1.41 1.26 0.3546 0.3545 0.2562 0.0029 0.010364 2.942451 
1.052 2 1 1 0 0.3130 0.2870 1.44 1.23 0.3526 0.3612 0.2572 0.0029 0.012956 2.942444 
1.055 2 1 1 0 0.3130 0.2870 1.44 1.24 0.3539 0.3513 0.2584 0.0029 0.012956 2.942451 
1.058 2 1 1 0 0.3104 0.2896 1.41 1.26 0.3549 0.3541 0.2594 0.0029 0.010364 2.942448 
1.061 2 1 1 0 0.3130 0.2870 1.44 1.23 0.3544 0.3612 0.2604 0.0029 0.012956 2.942451 
1.064 2 1 1 0 0.3104 0.2896 1.41 1.26 0.3547 0.3441 0.2614 0.0029 0.010364 2.942446 
1.067 2 1 1 0 0.3104 0.2896 1.41 1.25 0.3556 0.3549 0.2626 0.0029 0.010364 2.942443 
1.070 2 1 1 0 0.3130 0.2870 1.44 1.23 0.3545 0.3636 0.2636 0.0029 0.012956 2.942448 
1.073 2 1 1 0 0.3104 0.2896 1.41 1.25 0.3560 0.3476 0.2647 0.0030 0.010364 2.942453 
1.076 2 1 1 0 0.3104 0.2896 1.41 1.25 0.3526 0.3588 0.2659 0.0030 0.010364 2.942448 
1.079 2 1 1 0 0.3130 0.2870 1.44 1.22 0.3486 0.3669 0.2669 0.0030 0.012956 2.942456 
1.082 2 1 1 0 0.3104 0.2896 1.42 1.25 0.3506 0.3528 0.2679 0.0030 0.010364 2.942446 
1.085 2 1 1 0 0.3104 0.2896 1.42 1.24 0.3517 0.3613 0.2691 0.0030 0.010364 2.942445 
1.088 2 1 1 0 0.3130 0.2870 1.45 1.22 0.3507 0.3672 0.2701 0.0030 0.012956 2.942461 
1.091 2 1 1 0 0.3130 0.2870 1.45 1.22 0.3526 0.3564 0.2713 0.0030 0.012956 2.942456 
1.094 2 1 1 0 0.3104 0.2896 1.42 1.24 0.3520 0.3570 0.2723 0.0030 0.010364 2.942447 
1.097 2 1 1 0 0.3130 0.2870 1.45 1.22 0.3504 0.3634 0.2733 0.0031 0.012956 2.942448 
1.100 2 1 1 0 0.3130 0.2870 1.45 1.23 0.3517 0.3538 0.2745 0.0031 0.012956 2.942454 
1.103 2 1 1 0 0.3104 0.2896 1.42 1.25 0.3539 0.3573 0.2755 0.0031 0.010364 2.942479 
1.106 2 1 1 0 0.3130 0.2870 1.44 1.23 0.3528 0.3637 0.2765 0.0031 0.012956 2.942483 
1.109 2 1 1 0 0.3130 0.2870 1.44 1.23 0.3551 0.3528 0.2777 0.0031 0.012956 2.942494 
1.112 2 1 1 0 0.3104 0.2896 1.41 1.25 0.3565 0.3524 0.2787 0.0031 0.010364 2.942485 
1.115 2 1 1 0 0.3130 0.2870 1.44 1.24 0.3556 0.3540 0.2797 0.0031 0.012956 2.942492 
1.118 2 1 1 0 0.3104 0.2896 1.41 1.27 0.3569 0.3377 0.2807 0.0031 0.010364 2.942474 
1.121 2 1 1 0 0.3104 0.2896 1.40 1.27 0.3576 0.3485 0.2819 0.0032 0.010364 2.942489 
1.124 2 1 1 0 0.3104 0.2896 1.41 1.27 0.3566 0.3525 0.2827 0.0032 0.010364 2.942509 
1.127 2 1 1 0 0.3104 0.2896 1.41 1.27 0.3579 0.3420 0.2839 0.0032 0.010364 2.942497 
1.130 2 1 1 0 0.3104 0.2896 1.40 1.26 0.3561 0.3593 0.2851 0.0032 0.010364 2.942496 
1.133 2 1 1 0 0.3130 0.2870 1.44 1.23 0.3523 0.3683 0.2861 0.0032 0.012956 2.942500 
1.136 2 1 1 0 0.3104 0.2896 1.42 1.24 0.3542 0.3541 0.2871 0.0032 0.010364 2.942521 
1.139 2 1 1 0 0.3104 0.2896 1.41 1.23 0.3542 0.3624 0.2883 0.0032 0.010364 2.942516 
1.142 2 1 1 0 0.3130 0.2870 1.44 1.21 0.3534 0.3677 0.2894 0.0032 0.012956 2.942518 
1.145 2 1 1 0 0.3104 0.2896 1.42 1.23 0.3545 0.3514 0.2904 0.0032 0.010364 2.942524 
1.148 2 1 1 0 0.3104 0.2896 1.41 1.24 0.3522 0.3569 0.2916 0.0033 0.010364 2.942518 
1.151 2 1 1 0 0.3130 0.2870 1.45 1.23 0.3501 0.3578 0.2926 0.0033 0.012956 2.942506 
1.154 2 1 1 0 0.3104 0.2896 1.42 1.25 0.3513 0.3428 0.2936 0.0033 0.010364 2.942487 
1.157 2 1 1 0 0.3104 0.2896 1.42 1.26 0.3506 0.3532 0.2948 0.0033 0.010364 2.942490 
1.160 2 1 1 0 0.3130 0.2870 1.45 1.24 0.3492 0.3603 0.2958 0.0033 0.012956 2.942509 
1.163 2 1 1 0 0.3104 0.2896 1.42 1.25 0.3519 0.3442 0.2968 0.0033 0.010364 2.942504 
1.166 2 1 1 0 0.3130 0.2870 1.44 1.24 0.3501 0.3532 0.2978 0.0033 0.012956 2.942504 
1.169 2 1 1 0 0.3104 0.2896 1.43 1.26 0.3524 0.3557 0.2988 0.0033 0.010364 2.942497 
1.172 2 1 1 0 0.3104 0.2896 1.42 1.26 0.3536 0.3444 0.3000 0.0034 0.010364 2.942483 
1.175 2 1 1 0 0.3130 0.2870 1.43 1.24 0.3618 0.3542 0.3010 0.0034 0.012956 2.942504 
1.178 2 1 1 0 0.3104 0.2896 1.42 1.26 0.3540 0.3576 0.3020 0.0034 0.010364 2.942520 
1.181 2 1 1 0 0.3104 0.2896 1.41 1.25 0.3557 0.3469 0.3032 0.0034 0.010364 2.942526 
1.184 2 1 1 0 0.3130 0.2870 1.43 1.23 0.3628 0.3579 0.3042 0.0034 0.012956 2.942505 
1.187 2 1 1 0 0.3104 0.2896 1.42 1.25 0.3495 0.3611 0.3052 0.0034 0.010364 2.942497 
1.190 2 1 1 0 0.3104 0.2896 1.42 1.24 0.3515 0.3516 0.3064 0.0034 0.010364 2.942500 
1.193 2 1 1 0 0.3130 0.2870 1.43 1.22 0.3612 0.3612 0.3074 0.0034 0.012956 2.942492 
1.196 2 1 1 0 0.3104 0.2896 1.42 1.24 0.3526 0.3630 0.3084 0.0034 0.010364 2.942492 
1.199 2 1 1 0 0.3104 0.2896 1.42 1.24 0.3541 0.3496 0.3096 0.0035 0.010364 2.942497 
1.202 2 1 1 0 0.3130 0.2870 1.43 1.22 0.3625 0.3568 0.3106 0.0035 0.012956 2.942491 
1.205 2 1 1 0 0.3130 0.2870 1.44 1.22 0.3517 0.3631 0.3118 0.0035 0.012956 2.942525 
1.208 2 1 1 0 0.3104 0.2896 1.42 1.24 0.3529 0.3465 0.3128 0.0035 0.010364 2.942515 
1.211 2 1 1 0 0.3130 0.2870 1.43 1.23 0.3634 0.3548 0.3138 0.0035 0.012956 2.942523 
1.214 2 1 1 0 0.3104 0.2896 1.42 1.25 0.3536 0.3567 0.3149 0.0035 0.010364 2.942532 
1.217 2 1 1 0 0.3104 0.2896 1.41 1.25 0.3555 0.3447 0.3161 0.0035 0.010364 2.942532 
1.220 2 1 1 0 0.3130 0.2870 1.43 1.23 0.3643 0.3539 0.3171 0.0035 0.012956 2.942521 
1.223 2 1 1 0 0.3104 0.2896 1.41 1.26 0.3550 0.3561 0.3181 0.0036 0.010364 2.942498 
1.226 2 1 1 0 0.3104 0.2896 1.41 1.26 0.3554 0.3444 0.3193 0.0036 0.010364 2.942511 
1.229 2 1 1 0 0.3130 0.2870 1.42 1.24 0.3647 0.3543 0.3203 0.0036 0.012956 2.942501 
1.232 2 1 1 0 0.3104 0.2896 1.41 1.26 0.3501 0.3575 0.3213 0.0036 0.010364 2.942503 
1.235 2 1 1 0 0.3104 0.2896 1.42 1.25 0.3522 0.3473 0.3225 0.0036 0.010364 2.942508 
1.238 2 1 1 0 0.3130 0.2870 1.43 1.23 0.3602 0.3578 0.3235 0.0036 0.012956 2.942501 
1.241 2 1 1 0 0.3104 0.2896 1.42 1.25 0.3486 0.3611 0.3245 0.0036 0.010364 2.942491 
1.244 2 1 1 0 0.3104 0.2896 1.42 1.24 0.3506 0.3515 0.3257 0.0036 0.010364 2.942504 
1.247 2 1 1 0 0.3130 0.2870 1.44 1.22 0.3605 0.3591 0.3267 0.0037 0.012956 2.942487 
1.250 2 1 1 0 0.3104 0.2896 1.43 1.24 0.3526 0.3599 0.3277 0.0037 0.010364 2.942489 
1.253 2 1 1 0 0.3104 0.2896 1.42 1.25 0.3548 0.3461 0.3289 0.0037 0.010364 2.942481 
1.256 2 1 1 0 0.3130 0.2870 1.44 1.23 0.3629 0.3535 0.3299 0.0037 0.012956 2.942494 
1.259 2 1 1 0 0.3104 0.2896 1.42 1.26 0.3531 0.3558 0.3309 0.0037 0.010364 2.942493 
1.262 2 1 1 0 0.3104 0.2896 1.42 1.25 0.3539 0.3459 0.3321 0.0037 0.010364 2.942491 
1.265 2 1 1 0 0.3130 0.2870 1.43 1.23 0.3644 0.3567 0.3331 0.0037 0.012956 2.942503 
1.268 2 1 1 0 0.3104 0.2896 1.42 1.25 0.3549 0.3585 0.3341 0.0037 0.010364 2.942502 
1.271 2 1 1 0 0.3104 0.2896 1.41 1.25 0.3553 0.3463 0.3353 0.0038 0.010364 2.942495 
1.274 2 1 1 0 0.3130 0.2870 1.43 1.23 0.3655 0.3552 0.3363 0.0038 0.012956 2.942495 
1.277 2 1 1 0 0.3104 0.2896 1.41 1.25 0.3533 0.3572 0.3373 0.0038 0.010364 2.942485 
1.280 2 1 1 0 0.3104 0.2896 1.41 1.25 0.3517 0.3456 0.3385 0.0038 0.010364 2.942484 
1.283 2 1 1 0 0.3104 0.2896 1.41 1.25 0.3607 0.3606 0.3394 0.0038 0.010364 2.942462 
1.286 2 1 1 0 0.3104 0.2896 1.42 1.25 0.3526 0.3583 0.3406 0.0038 0.010364 2.942487 
1.289 2 1 1 0 0.3104 0.2896 1.42 1.25 0.3546 0.3478 0.3418 0.0038 0.010364 2.942488 
1.292 2 1 1 0 0.3130 0.2870 1.43 1.23 0.3625 0.3625 0.3428 0.0038 0.012956 2.942492 
1.295 2 1 1 0 0.3104 0.2896 1.42 1.25 0.3505 0.3611 0.3438 0.0038 0.010364 2.942482 
1.298 2 1 1 0 0.3104 0.2896 1.42 1.24 0.3554 0.3516 0.3450 0.0039 0.010364 2.942483 
1.301 2 1 1 0 0.3130 0.2870 1.44 1.22 0.3616 0.3604 0.3460 0.0039 0.012956 2.942474 
1.304 2 1 2 0 0.1324 0.3000 -0.00 1.32 0.3498 0.3627 0.3470 0.0039 0.010364 2.942500 
1.307 2 1 2 0 0.1324 0.3000 0.02 1.32 0.3324 0.3518 0.3480 0.0039 0.012956 2.942498 
1.310 2 1 2 0 0.1324 0.3000 0.06 1.32 0.3025 0.3558 0.3492 0.0039 0.012956 2.942498 
1.313 2 1 2 0 0.1324 0.3000 0.13 1.33 0.2580 0.3557 0.3500 0.0039 0.012956 2.942505 
1.316 2 1 2 0 0.1324 0.3000 0.21 1.33 0.2467 0.3478 0.3508 0.0039 0.018138 2.942492 
1.319 2 1 2 0 0.1324 0.3000 0.27 1.33 0.2367 0.3606 0.3518 0.0040 0.020729 2.942479 
1.322 2 1 2 0 0.1324 0.3000 0.31 1.33 0.2274 0.3633 0.3526 0.0040 0.020729 2.942537 
1.325 2 1 2 0 0.1324 0.3000 0.35 1.32 0.2189 0.3526 0.3534 0.0040 0.025911 2.942516 
1.328 2 1 2 0 0.1324 0.3000 0.40 1.32 0.1791 0.3623 0.3544 0.0040 0.028502 2.942522 
1.331 2 1 2 0 0.1324 0.3000 0.46 1.31 0.1719 0.3659 0.3550 0.0040 0.031093 2.942518 
1.334 2 1 2 0 0.1324 0.3000 0.50 1.31 0.1700 0.3556 0.3558 0.0041 0.036276 2.942531 
1.337 2 1 2 0 0.1324 0.3000 0.53 1.31 0.1658 0.3674 0.3566 0.0041 0.041458 2.942524 
1.340 2 1 2 0 0.1324 0.3000 0.55 1.30 0.1583 0.3766 0.3576 0.0041 0.044049 2.942546 
1.343 2 1 2 0 0.1324 0.3000 0.57 1.30 0.1502 0.3609 0.3582 0.0042 0.046640 2.942539 
1.346 2 1 2 0 0.1324 0.3000 0.59 1.29 0.1364 0.3726 0.3590 0.0042 0.051822 2.942542 
1.349 2 1 2 0 0.1324 0.3000 0.62 1.28 0.1291 0.3812 0.3598 0.0042 0.057005 2.942538 
1.352 2 1 2 0 0.1324 0.3000 0.64 1.28 0.1311 0.3739 0.3606 0.0043 0.062187 2.942538 
1.355 2 1 2 0 0.1324 0.3000 0.65 1.28 0.1375 0.3711 0.3614 0.0043 0.067369 2.942528 
1.358 2 1 2 0 0.1324 0.3000 0.65 1.27 0.1418 0.3819 0.3620 0.0044 0.069960 2.942530 
1.361 2 1 2 0 0.1324 0.3000 0.64 1.28 0.1441 0.3705 0.3628 0.0044 0.075143 2.942530 
1.364 2 1 2 0 0.1324 0.3000 0.63 1.28 0.1450 0.3656 0.3636 0.0045 0.080325 2.942504 
1.367 2 1 2 0 0.1324 0.3000 0.64 1.28 0.1377 0.3715 0.3644 0.0046 0.085507 2.942502 
1.370 2 1 2 0 0.1324 0.3000 0.65 1.29 0.1235 0.3510 0.3652 0.0046 0.090689 2.942498 
1.373 2 1 2 0 0.1324 0.3000 0.67 1.29 0.1117 0.3668 0.3658 0.0047 0.093280 2.942500 
1.376 2 1 2 0 0.1324 0.3000 0.69 1.28 0.1165 0.3712 0.3666 0.0048 0.098463 2.942485 
1.379 2 1 2 0 0.1324 0.3000 0.70 1.29 0.1165 0.3717 0.3672 0.0048 0.106236 2.942502 
1.382 2 1 2 0 0.1324 0.3000 0.69 1.30 0.1272 0.3688 0.3680 0.0049 0.111418 2.942494 
1.385 2 1 2 0 0.1324 0.3000 0.68 1.29 0.1378 0.3662 0.3688 0.0050 0.111418 2.942500 
1.388 2 1 2 0 0.1324 0.3000 0.66 1.30 0.1370 0.3729 0.3696 0.0051 0.116600 2.942516 
1.391 2 1 2 0 0.1324 0.3000 0.66 1.30 0.1298 0.3711 0.3702 0.0052 0.124374 2.942516 
1.394 2 1 2 0 0.1324 0.3000 0.67 1.29 0.1285 0.3605 0.3710 0.0053 0.129556 2.942505 
1.397 2 1 2 0 0.1324 0.3000 0.68 1.30 0.1153 0.3760 0.3716 0.0054 0.132147 2.942510 
1.400 2 1 2 0 0.1324 0.3000 0.70 1.29 0.1081 0.3747 0.3724 0.0055 0.137329 2.942514 
1.403 2 1 2 0 0.1324 0.3000 0.71 1.29 0.1123 0.3656 0.3732 0.0056 0.142512 2.942512 
1.406 2 1 2 0 0.1324 0.3000 0.71 1.28 0.1228 0.3747 0.3740 0.0057 0.147694 2.942515 
1.409 2 1 2 0 0.1324 0.3000 0.70 1.28 0.1317 0.3730 0.3748 0.0058 0.152876 2.942502 
1.412 2 1 2 0 0.1324 0.3000 0.68 1.28 0.1365 0.3634 0.3754 0.0059 0.155467 2.942498 
1.415 2 1 2 0 0.1324 0.3000 0.67 1.28 0.1333 0.3706 0.3762 0.0060 0.160650 2.942495 
1.418 2 1 2 0 0.1324 0.3000 0.67 1.28 0.1270 0.3780 0.3770 0.0062 0.165832 2.942473 
1.421 2 1 2 0 0.1324 0.3000 0.68 1.29 0.1155 0.3683 0.3778 0.0063 0.171014 2.942485 
1.424 2 1 2 0 0.1324 0.3000 0.69 1.29 0.1155 0.3722 0.3782 0.0064 0.176196 2.942497 
1.427 2 1 2 0 0.1324 0.3000 0.71 1.29 0.1099 0.3781 0.3790 0.0065 0.181379 2.942501 
1.430 2 1 2 0 0.1324 0.3000 0.71 1.29 0.1156 0.3682 0.3797 0.0067 0.186561 2.942497 
1.433 2 1 2 0 0.1324 0.3000 0.70 1.29 0.1265 0.3658 0.3805 0.0068 0.191743 2.942489 
1.436 2 1 2 0 0.1324 0.3000 0.68 1.29 0.1339 0.3772 0.3811 0.0069 0.194334 2.942491 
1.439 2 1 2 0 0.1324 0.3000 0.67 1.30 0.1378 0.3681 0.3819 0.0071 0.199517 2.942504 
1.442 2 1 2 0 0.1324 0.3000 0.66 1.29 0.1357 0.3647 0.3827 0.0072 0.204699 2.942509 
1.445 2 1 2 0 0.1324 0.3000 0.66 1.29 0.1286 0.3699 0.3835 0.0074 0.209881 2.942515 
1.448 2 1 2 0 0.1324 0.3000 0.68 1.29 0.1171 0.3675 0.3843 0.0076 0.215063 2.942516 
1.451 2 1 2 0 0.1324 0.3000 0.69 1.29 0.1118 0.3675 0.3849 0.0077 0.217655 2.942520 
1.454 2 1 2 0 0.1324 0.3000 0.71 1.28 0.1170 0.3735 0.3856 0.0079 0.222837 2.942525 
1.457 2 1 2 0 0.1324 0.3000 0.70 1.28 0.1272 0.3796 0.3864 0.0081 0.228019 2.942520 
1.460 2 1 2 0 0.1324 0.3000 0.69 1.28 0.1341 0.3773 0.3872 0.0082 0.233201 2.942523 
1.463 2 1 2 0 0.1324 0.3000 0.67 1.28 0.1377 0.3642 0.3880 0.0084 0.238384 2.942519 
1.466 2 1 2 0 0.1324 0.3000 0.66 1.28 0.1390 0.3758 0.3886 0.0086 0.240975 2.942526 
1.469 2 1 2 0 0.1324 0.3000 0.65 1.29 0.1331 0.3734 0.3894 0.0088 0.246157 2.942516 
1.472 2 1 2 0 0.1324 0.3000 0.66 1.28 0.1205 0.3632 0.3901 0.0090 0.251339 2.942519 
1.475 2 1 2 0 0.1324 0.3000 0.68 1.28 0.1139 0.3732 0.3909 0.0092 0.256522 2.942521 
1.478 2 1 2 0 0.1324 0.3000 0.70 1.29 0.1139 0.3746 0.3913 0.0093 0.261704 2.942529 
1.481 2 1 2 0 0.1324 0.3000 0.70 1.28 0.1190 0.3631 0.3921 0.0095 0.266886 2.942546 
1.484 2 1 2 0 0.1324 0.3000 0.69 1.29 0.1285 0.3710 0.3929 0.0097 0.272068 2.942543 
1.487 2 1 2 0 0.1324 0.3000 0.68 1.28 0.1332 0.3783 0.3936 0.0099 0.277251 2.942538 
1.490 2 1 2 0 0.1324 0.3000 0.67 1.29 0.1365 0.3612 0.3942 0.0101 0.279842 2.942561 
1.493 2 1 2 0 0.1324 0.3000 0.66 1.29 0.1354 0.3712 0.3950 0.0103 0.285024 2.942546 
1.496 2 1 2 0 0.1324 0.3000 0.66 1.29 0.1290 0.3795 0.3957 0.0105 0.290206 2.942533 
1.499 2 1 2 0 0.1324 0.3000 0.68 1.29 0.1186 0.3705 0.3965 0.0108 0.295389 2.942519 
1.502 2 1 2 0 0.1324 0.3000 0.69 1.28 0.1136 0.3687 0.3973 0.0110 0.300571 2.942506 
1.505 2 1 2 0 0.1324 0.3000 0.70 1.28 0.1182 0.3816 0.3979 0.0112 0.303162 2.942505 
1.508 2 1 2 0 0.1324 0.3000 0.70 1.28 0.1276 0.3741 0.3986 0.0114 0.308344 2.942508 
1.511 2 1 2 0 0.1324 0.3000 0.69 1.27 0.1348 0.3711 0.3994 0.0117 0.313527 2.942515 
1.514 2 1 2 0 0.1324 0.3000 0.67 1.27 0.1388 0.3740 0.4002 0.0119 0.318709 2.942519 
1.517 2 1 2 0 0.1324 0.3000 0.66 1.28 0.1401 0.3766 0.4009 0.0122 0.323891 2.942520 
1.520 2 1 2 0 0.1324 0.3000 0.65 1.28 0.1336 0.3666 0.4015 0.0124 0.326482 2.942515 
1.523 2 1 2 0 0.1324 0.3000 0.66 1.28 0.1206 0.3727 0.4022 0.0126 0.331664 2.942519 
1.526 2 1 2 0 0.1324 0.3000 0.68 1.28 0.1135 0.3771 0.4030 0.0129 0.336847 2.942521 
1.529 2 1 2 0 0.1324 0.3000 0.70 1.28 0.1135 0.3753 0.4036 0.0131 0.344620 2.942520 
1.532 2 1 3 0 0.7007 0.6993 5.25 4.48 0.1187 0.3632 0.4043 0.0134 0.349802 2.942504 
1.535 2 1 3 0 0.7007 0.6993 5.23 4.47 0.1581 0.3915 0.4051 0.0136 0.349802 2.942490 
1.538 2 1 3 0 0.7085 0.6915 5.20 4.32 0.2194 0.4748 0.4060 0.0140 0.357576 2.942482 
1.541 2 1 3 0 0.7111 0.6889 5.03 4.17 0.3500 0.5375 0.4073 0.0145 0.360167 2.942480 
1.544 2 1 3 0 0.7137 0.6863 4.79 4.00 0.4643 0.5922 0.4087 0.0150 0.362758 2.942476 
1.547 2 1 3 0 0.7137 0.6863 4.52 3.85 0.5385 0.6328 0.4102 0.0155 0.362758 2.942505 
1.550 2 1 3 0 0.7137 0.6863 4.27 3.70 0.6108 0.6661 0.4120 0.0163 0.362758 2.942465 
1.553 2 1 3 0 0.7189 0.6811 4.11 3.53 0.6464 0.7104 0.4139 0.0170 0.367940 2.942502 
1.556 2 1 3 0 0.7189 0.6811 3.94 3.42 0.6873 0.7390 0.4158 0.0177 0.367940 2.942544 
1.559 2 1 3 0 0.7189 0.6811 3.79 3.32 0.7364 0.7548 0.4180 0.0186 0.367940 2.942500 
1.562 2 1 3 0 0.7215 0.6785 3.68 3.22 0.7576 0.7582 0.4201 0.0194 0.370531 2.942557 
1.565 2 1 3 0 0.7189 0.6811 3.56 3.18 0.7778 0.7902 0.4222 0.0202 0.367940 2.942544 
1.568 2 1 3 0 0.7189 0.6811 3.48 3.13 0.7945 0.8006 0.4244 0.0210 0.367940 2.942529 
1.571 2 1 3 0 0.7189 0.6811 3.42 3.08 0.8097 0.8187 0.4267 0.0219 0.367940 2.942520 
1.574 2 1 3 0 0.7215 0.6785 3.38 3.01 0.8256 0.8335 0.4291 0.0228 0.370531 2.942558 
1.577 2 1 3 0 0.7189 0.6811 3.31 2.99 0.8370 0.8417 0.4315 0.0238 0.367940 2.942552 
1.580 2 1 3 0 0.7189 0.6811 3.27 2.95 0.8496 0.8496 0.4338 0.0246 0.367940 2.942561 
1.583 2 1 3 0 0.7215 0.6785 3.25 2.90 0.8587 0.8483 0.4362 0.0256 0.370531 2.942529 
1.586 2 1 3 0 0.7189 0.6811 3.20 2.91 0.8651 0.8545 0.4386 0.0265 0.367940 2.942529 
1.589 2 1 3 0 0.7189 0.6811 3.18 2.90 0.8686 0.8566 0.4409 0.0274 0.367940 2.942522 
1.592 2 1 3 0 0.7189 0.6811 3.16 2.89 0.8715 0.8602 0.4435 0.0284 0.367940 2.942514 
1.595 2 1 3 0 0.7189 0.6811 3.15 2.87 0.8735 0.8675 0.4458 0.0293 0.367940 2.942528 
1.598 2 1 3 0 0.7189 0.6811 3.14 2.86 0.8758 0.8706 0.4484 0.0303 0.367940 2.942541 
1.601 2 1 3 0 0.7189 0.6811 3.13 2.85 0.8776 0.8745 0.4506 0.0311 0.367940 2.942502 
1.604 2 1 3 0 0.7189 0.6811 3.12 2.84 0.8796 0.8765 0.4533 0.0322 0.367940 2.942562 
1.607 2 1 3 0 0.7189 0.6811 3.12 2.83 0.8826 0.8749 0.4559 0.0332 0.367940 2.942537 
1.610 2 1 3 0 0.7189 0.6811 3.11 2.83 0.8843 0.8772 0.4581 0.0340 0.367940 2.942519 
1.613 2 1 3 0 0.7189 0.6811 3.10 2.83 0.8855 0.8592 0.4607 0.0350 0.367940 2.942540 
1.616 2 1 3 0 0.7189 0.6811 3.10 2.83 0.8868 0.8743 0.4630 0.0359 0.367940 2.942544 
1.619 2 1 3 0 0.7189 0.6811 3.09 2.82 0.8891 0.8798 0.4656 0.0369 0.367940 2.942534 
1.622 2 1 3 0 0.7163 0.6837 3.07 2.84 0.8891 0.8814 0.4681 0.0379 0.365349 2.942532 
1.625 2 1 3 0 0.7189 0.6811 3.08 2.81 0.8916 0.8814 0.4705 0.0388 0.367940 2.942538 
1.628 2 1 3 0 0.7163 0.6837 3.06 2.83 0.8920 0.8813 0.4729 0.0397 0.365349 2.942544 
1.631 2 1 3 0 0.7163 0.6837 3.06 2.83 0.8922 0.8802 0.4756 0.0407 0.365349 2.942552 
1.634 2 1 3 0 0.7189 0.6811 3.08 2.81 0.8916 0.8791 0.4780 0.0417 0.367940 2.942560 
1.637 2 1 3 0 0.7163 0.6837 3.05 2.83 0.8925 0.8842 0.4804 0.0426 0.365349 2.942557 
1.640 2 1 3 0 0.7163 0.6837 3.05 2.82 0.8933 0.8856 0.4831 0.0436 0.365349 2.942577 
1.643 2 1 3 0 0.7163 0.6837 3.05 2.82 0.8935 0.8846 0.4853 0.0445 0.365349 2.942587 
1.646 2 1 3 0 0.7163 0.6837 3.05 2.82 0.8915 0.8795 0.4879 0.0455 0.365349 2.942585 
1.649 2 1 3 0 0.7163 0.6837 3.05 2.83 0.8913 0.8768 0.4906 0.0465 0.365349 2.942591 
1.652 2 1 3 0 0.7163 0.6837 3.05 2.83 0.8919 0.8795 0.4928 0.0473 0.365349 2.942596 
1.655 2 1 3 0 0.7163 0.6837 3.06 2.83 0.8832 0.8816 0.4954 0.0483 0.365349 2.942608 
1.658 2 1 3 0 0.7137 0.6863 3.05 2.85 0.8863 0.8799 0.4979 0.0493 0.362758 2.942606 
1.661 2 1 3 0 0.7163 0.6837 3.07 2.83 0.8863 0.8866 0.5003 0.0502 0.365349 2.942614 
1.664 2 1 3 0 0.7163 0.6837 3.07 2.82 0.8857 0.8892 0.5029 0.0512 0.365349 2.942605 
1.667 2 1 3 0 0.7137 0.6863 3.05 2.83 0.8861 0.8898 0.5054 0.0521 0.362758 2.942607 
1.670 2 1 3 0 0.7163 0.6837 3.07 2.80 0.8877 0.8915 0.5078 0.0531 0.365349 2.942630 
1.673 2 1 3 0 0.7163 0.6837 3.07 2.80 0.8870 0.8897 0.5104 0.0541 0.365349 2.942600 
1.676 2 1 3 0 0.7163 0.6837 3.07 2.80 0.8874 0.8875 0.5127 0.0549 0.365349 2.942642 
1.679 2 1 3 0 0.7163 0.6837 3.07 2.80 0.8896 0.8886 0.5153 0.0559 0.365349 2.942607 
1.682 2 1 3 0 0.7137 0.6863 3.04 2.82 0.8925 0.8886 0.5178 0.0569 0.362758 2.942640 
1.685 2 1 3 0 0.7163 0.6837 3.06 2.80 0.8920 0.8914 0.5202 0.0578 0.365349 2.942629 
1.688 2 1 3 0 0.7163 0.6837 3.06 2.80 0.8920 0.8928 0.5228 0.0588 0.365349 2.942631 
1.691 2 1 3 0 0.7163 0.6837 3.06 2.79 0.8905 0.8923 0.5255 0.0598 0.365349 2.942625 
1.694 2 1 3 0 0.7163 0.6837 3.06 2.80 0.8905 0.8879 0.5277 0.0607 0.365349 2.942622 
1.697 2 1 3 0 0.7163 0.6837 3.06 2.80 0.8909 0.8829 0.5303 0.0617 0.365349 2.942603 
1.700 2 1 3 0 0.7137 0.6863 3.04 2.83 0.8869 0.8807 0.5328 0.0626 0.362758 2.942616 
1.703 2 1 3 0 0.7163 0.6837 3.07 2.82 0.8846 0.8819 0.5352 0.0635 0.365349 2.942600 
1.706 2 1 3 0 0.7163 0.6837 3.07 2.82 0.8842 0.8864 0.5378 0.0645 0.365349 2.942599 
1.709 2 1 3 0 0.7137 0.6863 3.05 2.83 0.8842 0.8874 0.5403 0.0655 0.362758 2.942641 
1.712 2 1 3 0 0.7163 0.6837 3.07 2.81 0.8870 0.8867 0.5427 0.0664 0.365349 2.942619 
1.715 2 1 3 0 0.7137 0.6863 3.05 2.83 0.8882 0.8867 0.5452 0.0673 0.362758 2.942609 
1.718 2 1 3 0 0.7163 0.6837 3.07 2.81 0.8878 0.8851 0.5476 0.0682 0.365349 2.942640 
1.721 2 1 3 0 0.7163 0.6837 3.07 2.82 0.8885 0.8837 0.5502 0.0692 0.365349 2.942608 
1.724 2 1 3 0 0.7137 0.6863 3.04 2.84 0.8914 0.8894 0.5527 0.0702 0.362758 2.942615 
1.727 2 1 3 0 0.7163 0.6837 3.06 2.81 0.8924 0.8911 0.5551 0.0711 0.365349 2.942613 
1.730 2 1 3 0 0.7163 0.6837 3.06 2.80 0.8926 0.8927 0.5577 0.0721 0.365349 2.942607 
1.733 2 1 3 0 0.7137 0.6863 3.04 2.82 0.8845 0.8939 0.5602 0.0730 0.362758 2.942600 
1.736 2 1 3 0 0.7163 0.6837 3.07 2.79 0.8817 0.8917 0.5626 0.0740 0.365349 2.942624 
1.739 2 1 3 0 0.7163 0.6837 3.08 2.79 0.8837 0.8911 0.5652 0.0750 0.365349 2.942602 
1.742 2 1 3 0 0.7163 0.6837 3.08 2.79 0.8828 0.8932 0.5675 0.0758 0.365349 2.942615 
1.745 2 1 3 0 0.7163 0.6837 3.08 2.79 0.8853 0.8914 0.5701 0.0768 0.365349 2.942613 
1.748 2 1 3 0 0.7163 0.6837 3.08 2.80 0.8813 0.8865 0.5727 0.0778 0.365349 2.942633 
1.751 2 1 3 0 0.7163 0.6837 3.08 2.79 0.8855 0.8951 0.5750 0.0787 0.365349 2.942596 
1.754 2 1 3 0 0.7163 0.6837 3.07 2.79 0.8859 0.8941 0.5776 0.0797 0.365349 2.942622 
1.757 2 1 3 0 0.7163 0.6837 3.07 2.79 0.8877 0.8913 0.5802 0.0807 0.365349 2.942609 
1.760 2 1 3 0 0.7163 0.6837 3.07 2.79 0.8869 0.8919 0.5825 0.0816 0.365349 2.942621 
1.763 2 1 3 0 0.7163 0.6837 3.07 2.79 0.8868 0.8892 0.5851 0.0826 0.365349 2.942617 
1.766 2 1 3 0 0.7189 0.6811 3.09 2.79 0.8889 0.8878 0.5875 0.0835 0.367940 2.942598 
1.769 2 1 3 0 0.7163 0.6837 3.06 2.81 0.8916 0.8846 0.5900 0.0845 0.365349 2.942601 
1.772 2 1 3 0 0.7163 0.6837 3.06 2.81 0.8928 0.8862 0.5926 0.0855 0.365349 2.942596 
1.775 2 1 3 0 0.7163 0.6837 3.06 2.81 0.8915 0.8861 0.5952 0.0865 0.365349 2.942581 
1.778 2 1 3 0 0.7163 0.6837 3.06 2.81 0.8909 0.8883 0.5975 0.0873 0.365349 2.942611 
1.781 2 1 3 0 0.7163 0.6837 3.06 2.81 0.8912 0.8862 0.6001 0.0883 0.365349 2.942614 
1.784 2 1 3 0 0.7189 0.6811 3.08 2.79 0.8920 0.8881 0.6026 0.0893 0.367940 2.942631 
1.787 2 1 3 0 0.7163 0.6837 3.06 2.80 0.8883 0.8925 0.6050 0.0902 0.365349 2.942615 
1.790 2 1 3 0 0.7163 0.6837 3.06 2.80 0.8871 0.8918 0.6076 0.0912 0.365349 2.942629 
1.793 2 1 3 0 0.7189 0.6811 3.09 2.77 0.8868 0.8949 0.6101 0.0921 0.367940 2.942628 
1.796 2 1 3 0 0.7163 0.6837 3.07 2.79 0.8871 0.8963 0.6125 0.0931 0.365349 2.942657 
1.799 2 1 3 0 0.7163 0.6837 3.07 2.79 0.8881 0.8927 0.6151 0.0941 0.365349 2.942626 
1.802 2 1 3 0 0.7189 0.6811 3.09 2.78 0.8893 0.8811 0.6176 0.0950 0.367940 2.942635 
1.805 2 1 3 0 0.7163 0.6837 3.06 2.81 0.8898 0.8834 0.6200 0.0959 0.365349 2.942608 
1.808 2 1 3 0 0.7163 0.6837 3.06 2.82 0.8911 0.8795 0.6226 0.0970 0.365349 2.942633 
1.811 2 1 3 0 0.7163 0.6837 3.06 2.82 0.8933 0.8840 0.6249 0.0978 0.365349 2.942598 
1.814 2 1 3 0 0.7163 0.6837 3.06 2.82 0.8958 0.8882 0.6275 0.0988 0.365349 2.942591 
1.817 2 1 3 0 0.7163 0.6837 3.05 2.81 0.8910 0.8907 0.6301 0.0998 0.365349 2.942580 
1.820 2 1 3 0 0.7163 0.6837 3.05 2.80 0.8965 0.8908 0.6324 0.1007 0.365349 2.942585 
1.823 2 1 3 0 0.7163 0.6837 3.05 2.80 0.8952 0.8902 0.6350 0.1017 0.365349 2.942590 
1.826 2 1 3 0 0.7163 0.6837 3.05 2.80 0.8949 0.8895 0.6376 0.1027 0.365349 2.942600 
1.829 2 1 3 0 0.7163 0.6837 3.05 2.80 0.8934 0.8906 0.6399 0.1035 0.365349 2.942585 
1.832 2 1 3 0 0.7163 0.6837 3.05 2.80 0.8938 0.8920 0.6425 0.1046 0.365349 2.942583 
1.835 2 1 3 0 0.7163 0.6837 3.05 2.80 0.8951 0.8931 0.6451 0.1056 0.365349 2.942585 
1.838 2 1 3 0 0.7163 0.6837 3.05 2.79 0.8909 0.8948 0.6474 0.1064 0.365349 2.942586 
1.841 2 1 3 0 0.7163 0.6837 3.06 2.80 0.8874 0.8856 0.6500 0.1074 0.365349 2.942574 
1.844 2 1 3 0 0.7163 0.6837 3.06 2.81 0.8875 0.8826 0.6526 0.1084 0.365349 2.942552 
1.847 2 1 3 0 0.7163 0.6837 3.06 2.81 0.8888 0.8850 0.6549 0.1093 0.365349 2.942600 
1.850 2 1 3 0 0.7163 0.6837 3.06 2.81 0.8866 0.8864 0.6575 0.1103 0.365349 2.942610 
1.853 2 1 3 0 0.7137 0.6863 3.04 2.84 0.8884 0.8832 0.6599 0.1112 0.362758 2.942601 
1.856 2 1 3 0 0.7163 0.6837 3.06 2.81 0.8911 0.8880 0.6624 0.1121 0.365349 2.942635 
1.859 2 1 3 0 0.7163 0.6837 3.06 2.81 0.8915 0.8912 0.6650 0.1131 0.365349 2.942629 
1.862 2 1 3 0 0.7137 0.6863 3.04 2.82 0.8922 0.8905 0.6675 0.1141 0.362758 2.942624 
1.865 2 1 3 0 0.7163 0.6837 3.06 2.80 0.8928 0.8922 0.6699 0.1150 0.365349 2.942656 
1.868 2 1 3 0 0.7163 0.6837 3.05 2.80 0.8928 0.8896 0.6725 0.1160 0.365349 2.942646 
1.871 2 1 3 0 0.7137 0.6863 3.03 2.82 0.8925 0.8876 0.6750 0.1169 0.362758 2.942648 
1.874 2 1 3 0 0.7163 0.6837 3.05 2.80 0.8941 0.8878 0.6774 0.1179 0.365349 2.942626 
1.877 2 1 3 0 0.7163 0.6837 3.05 2.80 0.8951 0.8914 0.6800 0.1189 0.365349 2.942657 
1.880 2 1 3 0 0.7137 0.6863 3.03 2.82 0.8953 0.8915 0.6825 0.1198 0.362758 2.942620 
1.883 2 1 3 0 0.7163 0.6837 3.05 2.79 0.8946 0.8940 0.6849 0.1207 0.365349 2.942627 
1.886 2 1 3 0 0.7163 0.6837 3.05 2.79 0.8911 0.8934 0.6875 0.1217 0.365349 2.942630 
1.889 2 1 3 0 0.7137 0.6863 3.03 2.81 0.8851 0.8895 0.6900 0.1227 0.362758 2.942610 
1.892 2 1 3 0 0.7163 0.6837 3.06 2.80 0.8852 0.8909 0.6924 0.1236 0.365349 2.942619 
1.895 2 1 3 0 0.7163 0.6837 3.07 2.80 0.8855 0.8754 0.6950 0.1246 0.365349 2.942574 
1.898 2 1 3 0 0.7137 0.6863 3.05 2.82 0.8865 0.8899 0.6975 0.1255 0.362758 2.942573 
1.901 2 1 3 0 0.7163 0.6837 3.07 2.80 0.8884 0.8933 0.6999 0.1264 0.365349 2.942584 
1.904 2 1 3 0 0.7163 0.6837 3.06 2.79 0.8897 0.8953 0.7025 0.1274 0.365349 2.942597 
1.907 2 1 3 0 0.7137 0.6863 3.04 2.82 0.8912 0.8814 0.7050 0.1284 0.362758 2.942569 
1.910 2 1 3 0 0.7163 0.6837 3.06 2.81 0.8924 0.8812 0.7074 0.1293 0.365349 2.942589 
1.913 2 1 3 0 0.7137 0.6863 3.04 2.84 0.8924 0.8796 0.7099 0.1302 0.362758 2.942583 
1.916 2 1 3 0 0.7137 0.6863 3.04 2.84 0.8922 0.8785 0.7125 0.1312 0.362758 2.942611 
1.919 2 1 3 0 0.7137 0.6863 3.04 2.84 0.8866 0.8856 0.7147 0.1321 0.362758 2.942582 
1.922 2 1 3 0 0.7137 0.6863 3.04 2.83 0.8848 0.8952 0.7174 0.1331 0.362758 2.942585 
1.925 2 1 3 0 0.7163 0.6837 3.07 2.80 0.8854 0.8975 0.7198 0.1340 0.365349 2.942568 
1.928 2 1 3 0 0.7163 0.6837 3.07 2.79 0.8872 0.8986 0.7224 0.1350 0.365349 2.942604 
1.931 2 1 3 0 0.7137 0.6863 3.05 2.80 0.8870 0.8950 0.7249 0.1360 0.362758 2.942550 
1.934 2 1 3 0 0.7163 0.6837 3.07 2.78 0.8881 0.8946 0.7273 0.1369 0.365349 2.942571 
1.937 2 1 3 0 0.7163 0.6837 3.07 2.78 0.8879 0.8950 0.7299 0.1379 0.365349 2.942564 
1.940 2 1 3 0 0.7137 0.6863 3.04 2.81 0.8897 0.8934 0.7324 0.1388 0.362758 2.942559 
1.943 2 1 3 0 0.7163 0.6837 3.06 2.79 0.8914 0.8905 0.7348 0.1398 0.365349 2.942589 
1.946 2 1 3 0 0.7163 0.6837 3.06 2.79 0.8921 0.8883 0.7374 0.1408 0.365349 2.942597 
1.949 2 1 3 0 0.7137 0.6863 3.04 2.82 0.8915 0.8878 0.7399 0.1417 0.362758 2.942564 
1.952 2 1 3 0 0.7163 0.6837 3.06 2.80 0.8927 0.8857 0.7423 0.1426 0.365349 2.942582 
1.955 2 1 3 0 0.7163 0.6837 3.06 2.81 0.8916 0.8873 0.7449 0.1436 0.365349 2.942576 
1.958 2 1 3 0 0.7137 0.6863 3.04 2.83 0.8903 0.8856 0.7474 0.1446 0.362758 2.942580 
1.961 2 1 3 0 0.7163 0.6837 3.06 2.81 0.8904 0.8860 0.7498 0.1455 0.365349 2.942554 
1.964 2 1 3 0 0.7163 0.6837 3.06 2.81 0.8876 0.8912 0.7524 0.1465 0.365349 2.942578 
1.967 2 1 3 0 0.7137 0.6863 3.04 2.82 0.8872 0.8969 0.7549 0.1474 0.362758 2.942557 
1.970 2 1 3 0 0.7163 0.6837 3.07 2.78 0.8875 0.8991 0.7573 0.1483 0.365349 2.942582 
1.973 2 1 3 0 0.7163 0.6837 3.07 2.78 0.8888 0.8999 0.7600 0.1494 0.365349 2.942571 
1.976 2 1 3 0 0.7163 0.6837 3.06 2.78 0.8881 0.8950 0.7622 0.1502 0.365349 2.942532 
1.979 2 1 3 0 0.7163 0.6837 3.06 2.79 0.8877 0.8827 0.7648 0.1512 0.365349 2.942549 
1.982 2 1 3 0 0.7163 0.6837 3.06 2.80 0.8887 0.8832 0.7675 0.1522 0.365349 2.942567 
1.985 2 1 3 0 0.7163 0.6837 3.06 2.81 0.8914 0.8843 0.7697 0.1531 0.365349 2.942531 
1.988 2 1 3 0 0.7163 0.6837 3.06 2.81 0.8907 0.8874 0.7723 0.1541 0.365349 2.942554 
1.991 2 1 3 0 0.7163 0.6837 3.06 2.81 0.8917 0.8904 0.7750 0.1551 0.365349 2.942561 
1.994 2 1 3 0 0.7163 0.6837 3.06 2.80 0.8916 0.8904 0.7772 0.1559 0.365349 2.942559 
1.997 2 1 3 0 0.7163 0.6837 3.06 2.80 0.8917 0.8885 0.7798 0.1569 0.365349 2.942540 
2.000 2 1 3 0 0.7163 0.6837 3.06 2.80 0.8874 0.8909 0.7825 0.1579 0.365349 2.942551 
2.003 2 1 3 0 0.7163 0.6837 3.06 2.80 0.8917 0.8908 0.7847 0.1588 0.365349 2.942558 
2.006 2 1 3 0 0.7163 0.6837 3.05 2.79 0.8939 0.8922 0.7873 0.1598 0.365349 2.942547 
2.009 2 1 3 0 0.7163 0.6837 3.05 2.79 0.8918 0.8963 0.7900 0.1608 0.365349 2.942561 
2.012 2 1 3 0 0.7163 0.6837 3.05 2.79 0.8930 0.8964 0.7922 0.1617 0.365349 2.942584 
2.015 2 1 3 0 0.7163 0.6837 3.05 2.79 0.8939 0.8947 0.7948 0.1627 0.365349 2.942579 
2.018 2 1 3 0 0.7163 0.6837 3.05 2.79 0.8937 0.8892 0.7975 0.1637 0.365349 2.942580 
2.021 2 1 3 0 0.7163 0.6837 3.05 2.80 0.8929 0.8845 0.7997 0.1645 0.365349 2.942575 
2.024 2 1 3 0 0.7163 0.6837 3.06 2.80 0.8868 0.8833 0.8023 0.1655 0.365349 2.942569 
2.027 2 1 3 0 0.7137 0.6863 3.04 2.83 0.8848 0.8880 0.8048 0.1665 0.362758 2.942601 
2.030 2 1 3 0 0.7163 0.6837 3.06 2.81 0.8893 0.8898 0.8072 0.1674 0.365349 2.942576 
2.033 2 1 3 0 0.7163 0.6837 3.06 2.80 0.8898 0.8911 0.8099 0.1684 0.365349 2.942581 
2.036 2 1 3 0 0.7163 0.6837 3.06 2.80 0.8916 0.8910 0.8125 0.1694 0.365349 2.942593 
2.039 2 1 3 0 0.7163 0.6837 3.06 2.80 0.8900 0.8883 0.8147 0.1703 0.365349 2.942612 
2.042 2 1 3 0 0.7163 0.6837 3.06 2.80 0.8923 0.8887 0.8174 0.1713 0.365349 2.942597 
2.045 2 1 3 0 0.7137 0.6863 3.04 2.82 0.8924 0.8912 0.8198 0.1722 0.362758 2.942647 
2.048 2 1 3 0 0.7163 0.6837 3.05 2.80 0.8948 0.8892 0.8222 0.1731 0.365349 2.942605 
2.051 2 1 3 0 0.7163 0.6837 3.05 2.81 0.8959 0.8871 0.8249 0.1741 0.365349 2.942629 
2.054 2 1 3 0 0.7137 0.6863 3.03 2.82 0.8946 0.8940 0.8273 0.1751 0.362758 2.942618 
2.057 2 1 3 0 0.7163 0.6837 3.04 2.79 0.8966 0.8938 0.8297 0.1760 0.365349 2.942615 
2.060 2 1 3 0 0.7163 0.6837 3.04 2.79 0.8969 0.8918 0.8324 0.1770 0.365349 2.942615 
2.063 2 1 3 0 0.7137 0.6863 3.02 2.81 0.8969 0.8936 0.8348 0.1779 0.362758 2.942643 
2.066 2 1 3 0 0.7137 0.6863 3.02 2.81 0.8907 0.8913 0.8374 0.1789 0.362758 2.942628 
2.069 2 1 3 0 0.7163 0.6837 3.05 2.79 0.8890 0.8908 0.8399 0.1799 0.365349 2.942630 
2.072 2 1 3 0 0.7137 0.6863 3.04 2.81 0.8915 0.8939 0.8423 0.1808 0.362758 2.942649 
2.075 2 1 3 0 0.7163 0.6837 3.06 2.79 0.8921 0.8953 0.8448 0.1817 0.365349 2.942643 
2.078 2 1 3 0 0.7163 0.6837 3.06 2.79 0.8925 0.8889 0.8474 0.1827 0.365349 2.942643 
2.081 2 1 3 0 0.7163 0.6837 3.05 2.79 0.8945 0.8898 0.8500 0.1837 0.365349 2.942655 
2.084 2 1 3 0 0.7137 0.6863 3.03 2.82 0.8940 0.8869 0.8524 0.1847 0.362758 2.942621 
2.087 2 1 3 0 0.7163 0.6837 3.05 2.80 0.8948 0.8866 0.8549 0.1856 0.365349 2.942606 
2.090 2 1 3 0 0.7137 0.6863 3.03 2.83 0.8959 0.8891 0.8573 0.1865 0.362758 2.942618 
2.093 2 1 3 0 0.7137 0.6863 3.02 2.83 0.8971 0.8891 0.8599 0.1875 0.362758 2.942641 
2.096 2 1 3 0 0.7163 0.6837 3.04 2.80 0.8950 0.8923 0.8624 0.1884 0.365349 2.942626 
2.099 2 1 3 0 0.7137 0.6863 3.02 2.82 0.8944 0.8944 0.8648 0.1894 0.362758 2.942627 
2.102 2 1 3 0 0.7137 0.6863 3.02 2.81 0.8932 0.8930 0.8675 0.1904 0.362758 2.942691 
2.105 2 1 3 0 0.7163 0.6837 3.05 2.82 0.8930 0.8899 0.8699 0.1913 0.365349 2.942640 
2.108 2 1 3 0 0.7137 0.6863 3.03 2.83 0.8917 0.8932 0.8723 0.1922 0.362758 2.942650 
2.111 2 1 3 0 0.7137 0.6863 3.04 2.82 0.8861 0.8909 0.8750 0.1932 0.362758 2.942671 
2.114 2 1 3 0 0.7163 0.6837 3.06 2.80 0.8887 0.8918 0.8774 0.1942 0.365349 2.942665 
2.117 2 1 3 0 0.7137 0.6863 3.04 2.81 0.8894 0.8958 0.8798 0.1951 0.362758 2.942660 
2.120 2 1 3 0 0.7137 0.6863 3.04 2.81 0.8907 0.8962 0.8825 0.1961 0.362758 2.942666 
2.123 2 1 3 0 0.7163 0.6837 3.06 2.78 0.8956 0.8955 0.8849 0.1970 0.365349 2.942662 
2.126 2 1 3 0 0.7163 0.6837 3.05 2.78 0.8969 0.8943 0.8875 0.1980 0.365349 2.942650 
2.129 2 1 3 0 0.7137 0.6863 3.02 2.81 0.8931 0.8928 0.8900 0.1990 0.362758 2.942666 
2.132 2 1 3 0 0.7163 0.6837 3.04 2.79 0.8958 0.8901 0.8924 0.1999 0.365349 2.942664 
2.135 2 1 3 0 0.7163 0.6837 3.04 2.79 0.8977 0.8931 0.8950 0.2009 0.365349 2.942642 
2.138 2 1 3 0 0.7137 0.6863 3.02 2.81 0.8989 0.8933 0.8975 0.2018 0.362758 2.942648 
2.141 2 1 3 0 0.7137 0.6863 3.02 2.81 0.8930 0.8940 0.9001 0.2028 0.362758 2.942640 
2.144 2 1 3 0 0.7163 0.6837 3.05 2.79 0.8929 0.8947 0.9025 0.2037 0.365349 2.942639 
2.147 2 1 3 0 0.7137 0.6863 3.03 2.81 0.8904 0.8910 0.9050 0.2047 0.362758 2.942628 
2.150 2 1 3 0 0.7137 0.6863 3.03 2.81 0.8913 0.8911 0.9076 0.2057 0.362758 2.942670 
2.153 2 1 3 0 0.7163 0.6837 3.06 2.79 0.8905 0.8917 0.9101 0.2066 0.365349 2.942665 
2.156 2 1 3 0 0.7137 0.6863 3.04 2.81 0.8918 0.8917 0.9125 0.2075 0.362758 2.942655 
2.159 2 1 3 0 0.7137 0.6863 3.03 2.81 0.8950 0.8939 0.9151 0.2085 0.362758 2.942650 
2.162 2 1 3 0 0.7163 0.6837 3.05 2.79 0.8955 0.8959 0.9176 0.2095 0.365349 2.942676 
2.165 2 1 3 0 0.7137 0.6863 3.03 2.81 0.8948 0.8959 0.9200 0.2104 0.362758 2.942652 
2.168 2 1 3 0 0.7137 0.6863 3.02 2.81 0.8943 0.8932 0.9226 0.2114 0.362758 2.942675 
2.171 2 1 3 0 0.7163 0.6837 3.05 2.79 0.8950 0.8936 0.9251 0.2123 0.365349 2.942675 
2.174 2 1 3 0 0.7137 0.6863 3.03 2.81 0.8938 0.8921 0.9275 0.2132 0.362758 2.942659 
2.177 2 1 3 0 0.7137 0.6863 3.03 2.81 0.8913 0.8909 0.9301 0.2142 0.362758 2.942643 
2.180 2 1 3 0 0.7163 0.6837 3.05 2.79 0.8915 0.8953 0.9326 0.2152 0.365349 2.942676 
2.183 2 1 3 0 0.7137 0.6863 3.04 2.81 0.8917 0.8965 0.9350 0.2161 0.362758 2.942634 
2.186 2 1 3 0 0.7137 0.6863 3.04 2.80 0.8913 0.8963 0.9376 0.2171 0.362758 2.942640 
2.189 2 1 3 0 0.7163 0.6837 3.06 2.78 0.8929 0.8977 0.9401 0.2180 0.365349 2.942644 
2.192 2 1 3 0 0.7163 0.6837 3.06 2.78 0.8922 0.8948 0.9427 0.2190 0.365349 2.942635 
2.195 2 1 3 0 0.7137 0.6863 3.04 2.81 0.8925 0.8924 0.9451 0.2200 0.362758 2.942628 
2.198 2 1 3 0 0.7163 0.6837 3.05 2.79 0.8942 0.8929 0.9476 0.2209 0.365349 2.942652 
2.201 2 1 3 0 0.7163 0.6837 3.05 2.79 0.8955 0.8950 0.9502 0.2219 0.365349 2.942644 
2.204 2 1 3 0 0.7137 0.6863 3.02 2.81 0.8971 0.8965 0.9527 0.2228 0.362758 2.942652 
2.207 2 1 3 0 0.7163 0.6837 3.04 2.78 0.8963 0.8973 0.9551 0.2238 0.365349 2.942647 
2.210 2 1 3 0 0.7163 0.6837 3.04 2.78 0.8957 0.8971 0.9577 0.2248 0.365349 2.942639 
2.213 2 1 3 0 0.7137 0.6863 3.02 2.80 0.8954 0.8921 0.9602 0.2257 0.362758 2.942634 
2.216 2 1 3 0 0.7163 0.6837 3.04 2.79 0.8955 0.8939 0.9626 0.2266 0.365349 2.942650 
2.219 2 1 3 0 0.7163 0.6837 3.04 2.79 0.8965 0.8936 0.9652 0.2276 0.365349 2.942645 
2.222 2 1 3 0 0.7137 0.6863 3.02 2.81 0.8976 0.8899 0.9677 0.2286 0.362758 2.942635 
2.225 2 1 3 0 0.7137 0.6863 3.02 2.81 0.8961 0.8935 0.9703 0.2296 0.362758 2.942639 
2.228 2 1 3 0 0.7163 0.6837 3.04 2.79 0.8973 0.8950 0.9727 0.2305 0.365349 2.942634 
2.231 2 1 3 0 0.7163 0.6837 3.04 2.79 0.8970 0.8935 0.9754 0.2315 0.365349 2.942632 
2.234 2 1 3 0 0.7137 0.6863 3.02 2.81 0.8967 0.8923 0.9778 0.2324 0.362758 2.942613 
2.237 2 1 3 0 0.7163 0.6837 3.04 2.79 0.8965 0.8931 0.9802 0.2333 0.365349 2.942604 
2.240 2 1 3 0 0.7137 0.6863 3.02 2.81 0.8960 0.8886 0.9827 0.2343 0.362758 2.942607 
2.243 2 1 3 0 0.7137 0.6863 3.02 2.81 0.8973 0.8931 0.9853 0.2353 0.362758 2.942598 
2.246 2 1 3 0 0.7137 0.6863 3.02 2.81 0.8961 0.8953 0.9879 0.2363 0.362758 2.942593 
2.249 2 1 3 0 0.7163 0.6837 3.04 2.79 0.8924 0.8959 0.9904 0.2372 0.365349 2.942608 
2.252 2 1 3 0 0.7137 0.6863 3.03 2.81 0.8924 0.8962 0.9928 0.2381 0.362758 2.942628 
2.255 2 1 3 0 0.7137 0.6863 3.03 2.82 0.8921 0.8873 0.9954 0.2391 0.362758 2.942590 
2.258 2 1 3 0 0.7163 0.6837 3.05 2.81 0.8922 0.8840 0.9979 0.2401 0.365349 2.942622 
2.261 2 1 3 0 0.7137 0.6863 3.03 2.83 0.8925 0.8860 1.0003 0.2410 0.362758 2.942624 
2.264 2 1 3 0 0.7137 0.6863 3.03 2.83 0.8960 0.8883 1.0029 0.2420 0.362758 2.942630 
2.267 2 1 3 0 0.7137 0.6863 3.02 2.83 0.8995 0.8895 1.0052 0.2428 0.362758 2.942630 
2.270 2 1 3 0 0.7137 0.6863 3.02 2.82 0.9016 0.8937 1.0078 0.2438 0.362758 2.942658 
2.273 2 1 3 0 0.7137 0.6863 3.01 2.81 0.9015 0.8952 1.0105 0.2448 0.362758 2.942630 
2.276 2 1 3 0 0.7163 0.6837 3.03 2.79 0.8998 0.8927 1.0129 0.2458 0.365349 2.942652 
2.279 2 1 3 0 0.7137 0.6863 3.01 2.81 0.8996 0.8959 1.0153 0.2467 0.362758 2.942642 
2.282 2 1 3 0 0.7137 0.6863 3.02 2.81 0.8909 0.8969 1.0180 0.2477 0.362758 2.942651 
2.285 2 1 3 0 0.7111 0.6889 3.01 2.83 0.8881 0.8940 1.0204 0.2486 0.360167 2.942683 
2.288 2 1 3 0 0.7137 0.6863 3.03 2.80 0.8907 0.8982 1.0228 0.2495 0.362758 2.942684 
2.291 2 1 3 0 0.7137 0.6863 3.03 2.80 0.8914 0.8999 1.0255 0.2505 0.362758 2.942658 
2.294 2 1 3 0 0.7137 0.6863 3.03 2.80 0.8917 0.8989 1.0281 0.2515 0.362758 2.942689 
2.297 2 1 3 0 0.7163 0.6837 3.05 2.77 0.8935 0.8991 1.0305 0.2525 0.365349 2.942658 
2.300 2 1 3 0 0.7137 0.6863 3.03 2.80 0.8966 0.8966 1.0330 0.2534 0.362758 2.942631 
2.303 2 1 3 0 0.7137 0.6863 3.02 2.80 0.8960 0.8910 1.0356 0.2544 0.362758 2.942637 
2.306 2 1 3 0 0.7137 0.6863 3.02 2.81 0.8984 0.8908 1.0379 0.2552 0.362758 2.942644 
2.309 2 1 3 0 0.7137 0.6863 3.02 2.81 0.8999 0.8915 1.0405 0.2562 0.362758 2.942635 
2.312 2 1 3 0 0.7137 0.6863 3.02 2.81 0.8982 0.8943 1.0431 0.2572 0.362758 2.942647 
2.315 2 1 3 0 0.7137 0.6863 3.02 2.81 0.8988 0.8935 1.0457 0.2582 0.362758 2.942638 
2.318 2 1 3 0 0.7137 0.6863 3.01 2.81 0.8984 0.8954 1.0480 0.2591 0.362758 2.942638 
2.321 2 1 3 0 0.7137 0.6863 3.02 2.81 0.8974 0.8924 1.0506 0.2601 0.362758 2.942624 
2.324 2 1 3 0 0.7137 0.6863 3.02 2.81 0.8880 0.8914 1.0533 0.2611 0.362758 2.942624 
2.327 2 1 3 0 0.7137 0.6863 3.03 2.81 0.8898 0.8945 1.0555 0.2619 0.362758 2.942637 
2.330 2 1 3 0 0.7137 0.6863 3.03 2.81 0.8911 0.8929 1.0581 0.2629 0.362758 2.942614 
2.333 2 1 3 0 0.7137 0.6863 3.04 2.81 0.8858 0.8965 1.0608 0.2639 0.362758 2.942641 
2.336 2 1 3 0 0.7137 0.6863 3.03 2.80 0.8933 0.8973 1.0630 0.2648 0.362758 2.942649 
2.339 2 1 3 0 0.7137 0.6863 3.03 2.80 0.8942 0.8963 1.0656 0.2658 0.362758 2.942670 
2.342 2 1 3 0 0.7137 0.6863 3.03 2.81 0.8955 0.8854 1.0683 0.2668 0.362758 2.942645 
2.345 2 1 3 0 0.7137 0.6863 3.02 2.82 0.8969 0.8881 1.0705 0.2676 0.362758 2.942680 
2.348 2 1 3 0 0.7137 0.6863 3.02 2.83 0.8968 0.8862 1.0732 0.2686 0.362758 2.942657 
2.351 2 1 3 0 0.7137 0.6863 3.02 2.83 0.8985 0.8877 1.0758 0.2696 0.362758 2.942659 
2.354 2 1 3 0 0.7137 0.6863 3.02 2.82 0.8976 0.8957 1.0780 0.2705 0.362758 2.942635 
2.357 2 1 3 0 0.7137 0.6863 3.02 2.81 0.8980 0.9015 1.0807 0.2715 0.362758 2.942631 
2.360 2 1 3 0 0.7137 0.6863 3.02 2.81 0.8970 0.9013 1.0833 0.2725 0.362758 2.942658 
2.363 2 1 3 0 0.7137 0.6863 3.02 2.80 0.8890 0.9005 1.0855 0.2733 0.362758 2.942645 
2.366 2 1 3 0 0.7137 0.6863 3.03 2.79 0.8899 0.8984 1.0882 0.2743 0.362758 2.942660 
2.369 2 1 3 0 0.7137 0.6863 3.04 2.79 0.8895 0.8963 1.0908 0.2753 0.362758 2.942742 
2.372 2 1 3 0 0.7163 0.6837 3.06 2.77 0.8921 0.8992 1.0932 0.2763 0.365349 2.942674 
2.375 2 1 3 0 0.7137 0.6863 3.03 2.79 0.8936 0.9012 1.0957 0.2772 0.362758 2.942658 
2.378 2 1 3 0 0.7137 0.6863 3.03 2.79 0.8945 0.8942 1.0983 0.2782 0.362758 2.942682 
2.381 2 1 3 0 0.7163 0.6837 3.05 2.78 0.8950 0.8945 1.1008 0.2791 0.365349 2.942656 
2.384 2 1 3 0 0.7137 0.6863 3.03 2.80 0.8951 0.8908 1.1032 0.2801 0.362758 2.942665 
2.387 2 1 3 0 0.7137 0.6863 3.02 2.81 0.8956 0.8904 1.1058 0.2811 0.362758 2.942666 
2.390 2 1 3 0 0.7137 0.6863 3.02 2.81 0.8955 0.8922 1.1084 0.2821 0.362758 2.942666 
2.393 2 1 3 0 0.7137 0.6863 3.02 2.81 0.8967 0.8915 1.1107 0.2829 0.362758 2.942645 
2.396 2 1 3 0 0.7137 0.6863 3.02 2.81 0.8974 0.8949 1.1133 0.2839 0.362758 2.942671 
2.399 2 1 3 0 0.7137 0.6863 3.02 2.81 0.8969 0.8971 1.1160 0.2849 0.362758 2.942662 
2.402 2 1 3 0 0.7163 0.6837 3.04 2.78 0.8970 0.8973 1.1184 0.2858 0.365349 2.942639 
2.405 2 1 3 0 0.7137 0.6863 3.02 2.80 0.8959 0.8958 1.1208 0.2868 0.362758 2.942636 
2.408 2 1 3 0 0.7137 0.6863 3.02 2.80 0.8970 0.8969 1.1235 0.2878 0.362758 2.942648 
2.411 2 1 3 0 0.7163 0.6837 3.04 2.78 0.8952 0.8990 1.1259 0.2887 0.365349 2.942652 
2.414 2 1 3 0 0.7137 0.6863 3.02 2.80 0.8973 0.8946 1.1283 0.2896 0.362758 2.942641 
2.417 2 1 3 0 0.7137 0.6863 3.02 2.80 0.8973 0.8993 1.1310 0.2906 0.362758 2.942660 
2.420 2 1 3 0 0.7137 0.6863 3.02 2.79 0.8974 0.9007 1.1336 0.2916 0.362758 2.942665 
2.423 2 1 3 0 0.7163 0.6837 3.04 2.77 0.8918 0.8998 1.1360 0.2925 0.365349 2.942669 
2.426 2 1 3 0 0.7137 0.6863 3.03 2.79 0.8922 0.9002 1.1385 0.2935 0.362758 2.942698 
2.429 2 1 3 0 0.7137 0.6863 3.03 2.81 0.8926 0.8907 1.1411 0.2945 0.362758 2.942657 
2.432 2 1 3 0 0.7163 0.6837 3.05 2.80 0.8912 0.8876 1.1436 0.2954 0.365349 2.942706 
2.435 2 1 3 0 0.7137 0.6863 3.03 2.82 0.8936 0.8885 1.1460 0.2963 0.362758 2.942678 
2.438 2 1 3 0 0.7137 0.6863 3.03 2.82 0.8945 0.8918 1.1486 0.2973 0.362758 2.942731 
2.441 2 1 3 0 0.7163 0.6837 3.05 2.80 0.8944 0.8934 1.1511 0.2983 0.365349 2.942712 
2.444 2 1 3 0 0.7137 0.6863 3.03 2.81 0.8957 0.8958 1.1535 0.2992 0.362758 2.942751 
2.447 2 1 3 0 0.7137 0.6863 3.02 2.81 0.8976 0.8976 1.1561 0.3002 0.362758 2.942716 
2.450 2 1 3 0 0.7163 0.6837 3.04 2.78 0.8973 0.8955 1.1586 0.3011 0.365349 2.942713 
2.453 2 1 3 0 0.7137 0.6863 3.02 2.80 0.8977 0.8966 1.1610 0.3020 0.362758 2.942720 
2.456 2 1 3 0 0.7137 0.6863 3.02 2.80 0.8985 0.8978 1.1636 0.3030 0.362758 2.942708 
2.459 2 1 3 0 0.7137 0.6863 3.02 2.80 0.9000 0.8964 1.1663 0.3040 0.362758 2.942691 
2.462 2 1 3 0 0.7137 0.6863 3.01 2.80 0.8995 0.8999 1.1685 0.3049 0.362758 2.942711 
2.465 2 1 3 0 0.7137 0.6863 3.01 2.79 0.8995 0.9009 1.1711 0.3059 0.362758 2.942709 
2.468 2 1 3 0 0.7137 0.6863 3.01 2.79 0.8984 0.8973 1.1738 0.3069 0.362758 2.942720 
2.471 2 1 3 0 0.7163 0.6837 3.03 2.78 0.8988 0.8908 1.1762 0.3078 0.365349 2.942704 
2.474 2 1 3 0 0.7137 0.6863 3.01 2.81 0.8985 0.8894 1.1787 0.3087 0.362758 2.942698 
2.477 2 1 3 0 0.7137 0.6863 3.01 2.82 0.8987 0.8889 1.1813 0.3097 0.362758 2.942689 
2.480 2 1 3 0 0.7137 0.6863 3.01 2.82 0.8978 0.8887 1.1839 0.3107 0.362758 2.942695 
2.483 2 1 3 0 0.7137 0.6863 3.02 2.82 0.8925 0.8935 1.1862 0.3116 0.362758 2.942697 
2.486 2 1 3 0 0.7137 0.6863 3.02 2.81 0.8927 0.8941 1.1888 0.3126 0.362758 2.942708 
2.489 2 1 3 0 0.7137 0.6863 3.03 2.81 0.8933 0.8936 1.1914 0.3136 0.362758 2.942709 
2.492 2 1 3 0 0.7137 0.6863 3.03 2.81 0.8944 0.8935 1.1937 0.3145 0.362758 2.942689 
2.495 2 1 3 0 0.7137 0.6863 3.03 2.81 0.8932 0.8923 1.1963 0.3155 0.362758 2.942697 
2.498 2 1 3 0 0.7137 0.6863 3.03 2.81 0.8952 0.8909 1.1989 0.3164 0.362758 2.942712 
2.501 2 1 3 0 0.7137 0.6863 3.02 2.81 0.8968 0.8953 1.2012 0.3173 0.362758 2.942671 
2.504 2 1 3 0 0.7137 0.6863 3.02 2.81 0.8990 0.8975 1.2038 0.3183 0.362758 2.942698 
2.507 2 1 3 0 0.7137 0.6863 3.02 2.80 0.9011 0.8982 1.2064 0.3193 0.362758 2.942682 
2.510 2 1 3 0 0.7137 0.6863 3.01 2.80 0.9011 0.8986 1.2091 0.3203 0.362758 2.942691 
2.513 2 1 3 0 0.7137 0.6863 3.01 2.80 0.9000 0.8951 1.2113 0.3212 0.362758 2.942686 
2.516 2 1 3 0 0.7137 0.6863 3.01 2.80 0.8983 0.8946 1.2139 0.3221 0.362758 2.942708 
2.519 2 1 3 0 0.7137 0.6863 3.02 2.80 0.8908 0.8972 1.2166 0.3231 0.362758 2.942683 
2.522 2 1 3 0 0.7137 0.6863 3.03 2.80 0.8917 0.8945 1.2188 0.3240 0.362758 2.942687 
2.525 2 1 3 0 0.7137 0.6863 3.03 2.80 0.8928 0.8968 1.2215 0.3250 0.362758 2.942731 
2.528 2 1 3 0 0.7137 0.6863 3.03 2.80 0.8938 0.8996 1.2241 0.3260 0.362758 2.942727 
2.531 2 1 3 0 0.7137 0.6863 3.03 2.79 0.8938 0.8994 1.2263 0.3268 0.362758 2.942726 
2.534 8 1 3 0 0.0137 -0.0137 -2.57 -2.80 0.8940 0.8965 1.2290 0.3278 0.362758 2.942751 
2.537 8 1 3 0 0.0137 -0.0137 -2.54 -2.78 0.8159 0.8545 1.2316 0.3288 0.362758 2.942717 
2.540 8 1 3 0 0.0137 -0.0137 -2.38 -2.63 0.7164 0.7282 1.2335 0.3296 0.362758 2.942755 
2.543 8 1 3 0 0.0137 -0.0137 -2.15 -2.40 0.6179 0.6223 1.2353 0.3303 0.362758 2.942737 
2.546 8 1 3 0 0.0137 -0.0137 -1.89 -2.12 0.5132 0.5254 1.2369 0.3308 0.362758 2.942697 
2.549 8 1 3 0 0.0163 -0.0163 -1.60 -1.88 0.4241 0.4381 1.2382 0.3313 0.365349 2.942710 
2.552 8 1 3 0 0.0137 -0.0137 -1.38 -1.60 0.3613 0.3446 1.2391 0.3317 0.362758 2.942831 
2.555 8 1 3 0 0.0163 -0.0163 -1.10 -1.39 0.2889 0.3095 1.2400 0.3321 0.365349 2.942662 
2.558 8 1 3 0 0.0163 -0.0163 -0.89 -1.19 0.2250 0.2340 1.2408 0.3323 0.365349 2.942717 
2.561 8 1 3 0 0.0163 -0.0163 -0.71 -1.00 0.1935 0.1943 1.2412 0.3325 0.365349 2.942886 
2.564 8 1 3 0 0.0163 -0.0163 -0.56 -0.84 0.1671 0.1558 1.2415 0.3326 0.365349 2.942766 
2.567 8 1 3 0 0.0163 -0.0163 -0.43 -0.69 0.1297 0.1111 1.2419 0.3328 0.365349 2.942797 
2.570 8 1 3 0 0.0163 -0.0163 -0.33 -0.58 0.0798 0.0962 1.2419 0.3328 0.365349 2.942866 
2.573 8 1 3 0 0.0163 -0.0163 -0.21 -0.48 0.0698 0.0649 1.2423 0.3329 0.365349 2.942818 
2.576 8 1 3 0 0.0163 -0.0163 -0.15 -0.41 0.0698 0.0649 1.2423 0.3329 0.365349 2.942849 
2.579 8 1 3 0 0.0163 -0.0163 -0.11 -0.37 0.0496 0.0578 1.2423 0.3329 0.365349 2.942805 
2.582 8 1 3 0 0.0163 -0.0163 -0.06 -0.33 0.0362 0.0404 1.2423 0.3329 0.365349 2.942844 
